最小等级	总索引	掉落ID	掉落次数	产出来源类型
1	搜刮点解谜通用蒙德	20000000	1	20003
1	搜刮点解谜通用璃月	20000100	1	20003
1	搜刮点解谜通用稻妻	20000200	1	20003
1	搜刮点解谜通用瀑布	20000300	1	20003
1	搜刮点解谜通用须弥	20000400	1	20003
1	搜刮点解谜通用至冬	20000500	1	20003
1	搜刮点解谜通用坎瑞	20000600	1	20003
1	搜刮点解谜矿石蒙德	20001000	1	20003
1	搜刮点解谜矿石璃月	20001100	1	20003
1	搜刮点解谜矿石稻妻	20001200	1	20003
1	搜刮点解谜矿石瀑布	20001300	1	20003
1	搜刮点解谜矿石须弥	20001400	1	20003
1	搜刮点解谜矿石至冬	20001500	1	20003
1	搜刮点解谜矿石坎瑞	20001600	1	20003
1	搜刮点解谜破损蒙德	20002000	1	20003
1	搜刮点解谜破损璃月	20002100	1	20003
1	搜刮点解谜破损稻妻	20002200	1	20003
1	搜刮点解谜破损瀑布	20002300	1	20003
1	搜刮点解谜破损须弥	20002400	1	20003
1	搜刮点解谜破损至冬	20002500	1	20003
1	搜刮点解谜破损坎瑞	20002600	1	20003
1	搜刮点解谜人文蒙德	20003000	1	20003
1	搜刮点解谜人文璃月	20003100	1	20003
1	搜刮点解谜人文稻妻	20003200	1	20003
1	搜刮点解谜人文瀑布	20003300	1	20003
1	搜刮点解谜人文须弥	20003400	1	20003
1	搜刮点解谜人文至冬	20003500	1	20003
1	搜刮点解谜人文坎瑞	20003600	1	20003
1	搜刮点解谜果蔬蒙德	20004000	1	20003
1	搜刮点解谜果蔬璃月	20004100	1	20003
1	搜刮点解谜果蔬稻妻	20004200	1	20003
1	搜刮点解谜果蔬瀑布	20004300	1	20003
1	搜刮点解谜果蔬须弥	20004400	1	20003
1	搜刮点解谜果蔬至冬	20004500	1	20003
1	搜刮点解谜果蔬坎瑞	20004600	1	20003
1	搜刮点解谜武器蒙德	20005000	1	20003
1	搜刮点解谜武器璃月	20005100	1	20003
1	搜刮点解谜武器稻妻	20005200	1	20003
1	搜刮点解谜武器瀑布	20005300	1	20003
1	搜刮点解谜武器须弥	20005400	1	20003
1	搜刮点解谜武器至冬	20005500	1	20003
1	搜刮点解谜武器坎瑞	20005600	1	20003
1	搜刮点解谜遗物蒙德	20006000	1	20003
1	搜刮点解谜遗物璃月	20006100	1	20003
1	搜刮点解谜遗物稻妻	20006200	1	20003
1	搜刮点解谜遗物瀑布	20006300	1	20003
1	搜刮点解谜遗物须弥	20006400	1	20003
1	搜刮点解谜遗物至冬	20006500	1	20003
1	搜刮点解谜遗物坎瑞	20006600	1	20003
1	一次性搜刮点峭壁蒙德	19001000	1	11005
1	一次性搜刮点峭壁璃月	19001100	1	11005
1	一次性搜刮点峭壁稻妻	19001200	1	11005
1	一次性搜刮点峭壁瀑布	19001300	1	11005
1	一次性搜刮点峭壁须弥	19001400	1	11005
1	一次性搜刮点峭壁至冬	19001500	1	11005
1	一次性搜刮点峭壁坎瑞	19001600	1	11005
1	一次性搜刮点峭壁深色蒙德	19002000	1	11005
1	一次性搜刮点峭壁深色璃月	19002100	1	11005
1	一次性搜刮点峭壁深色稻妻	19002200	1	11005
1	一次性搜刮点峭壁深色瀑布	19002300	1	11005
1	一次性搜刮点峭壁深色须弥	19002400	1	11005
1	一次性搜刮点峭壁深色至冬	19002500	1	11005
1	一次性搜刮点峭壁深色坎瑞	19002600	1	11005
1	水上搜刮点蒙德	19000000	1	11005
1	水上搜刮点璃月	19000100	1	11005
1	水上搜刮点稻妻	19000200	1	11005
1	水上搜刮点瀑布	19000300	1	11005
1	水上搜刮点须弥	19000400	1	11005
1	水上搜刮点至冬	19000500	1	11005
1	水上搜刮点坎瑞	19000600	1	11005
1	灵龛蒙德	8000000	1	11003
1	灵龛璃月	8000100	1	11003
1	灵龛稻妻	8000200	1	11003
1	灵龛瀑布	8000300	1	11003
1	灵龛须弥	8000400	1	11003
1	灵龛至冬	8000500	1	11003
1	灵龛坎瑞	8000600	1	11003
1	战斗低级蒙德	51010000	1	11007
6	战斗低级蒙德	51010100	1	11007
11	战斗低级蒙德	51010200	1	11007
16	战斗低级蒙德	51010300	1	11007
21	战斗低级蒙德	51010400	1	11007
26	战斗低级蒙德	51010500	1	11007
1	战斗中级蒙德	51010200	1	11007
6	战斗中级蒙德	51010300	1	11007
11	战斗中级蒙德	51010400	1	11007
16	战斗中级蒙德	51010500	1	11007
21	战斗中级蒙德	51010600	1	11007
26	战斗中级蒙德	51010700	1	11007
1	战斗高级蒙德	51010400	1	11007
6	战斗高级蒙德	51010500	1	11007
11	战斗高级蒙德	51010600	1	11007
16	战斗高级蒙德	51010700	1	11007
21	战斗高级蒙德	51010800	1	11007
26	战斗高级蒙德	51010900	1	11007
1	战斗超级蒙德	51010600	1	11007
6	战斗超级蒙德	51010700	1	11007
11	战斗超级蒙德	51010800	1	11007
16	战斗超级蒙德	51010900	1	11007
21	战斗超级蒙德	51011000	1	11007
26	战斗超级蒙德	51011100	1	11007
1	解谜低级蒙德	52010000	1	11007
6	解谜低级蒙德	52010100	1	11007
11	解谜低级蒙德	52010200	1	11007
16	解谜低级蒙德	52010300	1	11007
21	解谜低级蒙德	52010400	1	11007
26	解谜低级蒙德	52010500	1	11007
1	解谜中级蒙德	52010200	1	11007
6	解谜中级蒙德	52010300	1	11007
11	解谜中级蒙德	52010400	1	11007
16	解谜中级蒙德	52010500	1	11007
21	解谜中级蒙德	52010600	1	11007
26	解谜中级蒙德	52010700	1	11007
1	解谜高级蒙德	52010400	1	11007
6	解谜高级蒙德	52010500	1	11007
11	解谜高级蒙德	52010600	1	11007
16	解谜高级蒙德	52010700	1	11007
21	解谜高级蒙德	52010800	1	11007
26	解谜高级蒙德	52010900	1	11007
1	解谜超级蒙德	52010600	1	11007
6	解谜超级蒙德	52010700	1	11007
11	解谜超级蒙德	52010800	1	11007
16	解谜超级蒙德	52010900	1	11007
21	解谜超级蒙德	52011000	1	11007
26	解谜超级蒙德	52011100	1	11007
1	战斗低级璃月	51020000	1	11007
6	战斗低级璃月	51020100	1	11007
11	战斗低级璃月	51020200	1	11007
16	战斗低级璃月	51020300	1	11007
21	战斗低级璃月	51020400	1	11007
26	战斗低级璃月	51020500	1	11007
1	战斗中级璃月	51020200	1	11007
6	战斗中级璃月	51020300	1	11007
11	战斗中级璃月	51020400	1	11007
16	战斗中级璃月	51020500	1	11007
21	战斗中级璃月	51020600	1	11007
26	战斗中级璃月	51020700	1	11007
1	战斗高级璃月	51020400	1	11007
6	战斗高级璃月	51020500	1	11007
11	战斗高级璃月	51020600	1	11007
16	战斗高级璃月	51020700	1	11007
21	战斗高级璃月	51020800	1	11007
26	战斗高级璃月	51020900	1	11007
1	战斗超级璃月	51020600	1	11007
6	战斗超级璃月	51020700	1	11007
11	战斗超级璃月	51020800	1	11007
16	战斗超级璃月	51020900	1	11007
21	战斗超级璃月	51021000	1	11007
26	战斗超级璃月	51021100	1	11007
1	解谜低级璃月	52020000	1	11007
6	解谜低级璃月	52020100	1	11007
11	解谜低级璃月	52020200	1	11007
16	解谜低级璃月	52020300	1	11007
21	解谜低级璃月	52020400	1	11007
26	解谜低级璃月	52020500	1	11007
1	解谜中级璃月	52020200	1	11007
6	解谜中级璃月	52020300	1	11007
11	解谜中级璃月	52020400	1	11007
16	解谜中级璃月	52020500	1	11007
21	解谜中级璃月	52020600	1	11007
26	解谜中级璃月	52020700	1	11007
1	解谜高级璃月	52020400	1	11007
6	解谜高级璃月	52020500	1	11007
11	解谜高级璃月	52020600	1	11007
16	解谜高级璃月	52020700	1	11007
21	解谜高级璃月	52020800	1	11007
26	解谜高级璃月	52020900	1	11007
1	解谜超级璃月	52020600	1	11007
6	解谜超级璃月	52020700	1	11007
11	解谜超级璃月	52020800	1	11007
16	解谜超级璃月	52020900	1	11007
21	解谜超级璃月	52021000	1	11007
26	解谜超级璃月	52021100	1	11007
1	无相之雷	401000000	1	20013
5	无相之雷	401000100	1	20013
10	无相之雷	401000200	1	20013
15	无相之雷	401000300	1	20013
20	无相之雷	401000400	1	20013
25	无相之雷	401000500	1	20013
30	无相之雷	401000600	1	20013
35	无相之雷	401000700	1	20013
40	无相之雷	401000800	1	20013
45	无相之雷	401000900	1	20013
50	无相之雷	401001000	1	20013
55	无相之雷	401001100	1	20013
60	无相之雷	401001200	1	20013
65	无相之雷	401001300	1	20013
70	无相之雷	401001400	1	20013
75	无相之雷	401001500	1	20013
80	无相之雷	401001600	1	20013
85	无相之雷	401001700	1	20013
90	无相之雷	401001800	1	20013
95	无相之雷	401001900	1	20013
100	无相之雷	401002000	1	20013
105	无相之雷	401002100	1	20013
110	无相之雷	401002200	1	20013
115	无相之雷	401002300	1	20013
120	无相之雷	401002400	1	20013
1	无相之风	402000000	1	20013
5	无相之风	402000100	1	20013
10	无相之风	402000200	1	20013
15	无相之风	402000300	1	20013
20	无相之风	402000400	1	20013
25	无相之风	402000500	1	20013
30	无相之风	402000600	1	20013
35	无相之风	402000700	1	20013
40	无相之风	402000800	1	20013
45	无相之风	402000900	1	20013
50	无相之风	402001000	1	20013
55	无相之风	402001100	1	20013
60	无相之风	402001200	1	20013
65	无相之风	402001300	1	20013
70	无相之风	402001400	1	20013
75	无相之风	402001500	1	20013
80	无相之风	402001600	1	20013
85	无相之风	402001700	1	20013
90	无相之风	402001800	1	20013
95	无相之风	402001900	1	20013
100	无相之风	402002000	1	20013
105	无相之风	402002100	1	20013
110	无相之风	402002200	1	20013
115	无相之风	402002300	1	20013
120	无相之风	402002400	1	20013
1	无相之岩	403000000	1	20013
5	无相之岩	403000100	1	20013
10	无相之岩	403000200	1	20013
15	无相之岩	403000300	1	20013
20	无相之岩	403000400	1	20013
25	无相之岩	403000500	1	20013
30	无相之岩	403000600	1	20013
35	无相之岩	403000700	1	20013
40	无相之岩	403000800	1	20013
45	无相之岩	403000900	1	20013
50	无相之岩	403001000	1	20013
55	无相之岩	403001100	1	20013
60	无相之岩	403001200	1	20013
65	无相之岩	403001300	1	20013
70	无相之岩	403001400	1	20013
75	无相之岩	403001500	1	20013
80	无相之岩	403001600	1	20013
85	无相之岩	403001700	1	20013
90	无相之岩	403001800	1	20013
95	无相之岩	403001900	1	20013
100	无相之岩	403002000	1	20013
105	无相之岩	403002100	1	20013
110	无相之岩	403002200	1	20013
115	无相之岩	403002300	1	20013
120	无相之岩	403002400	1	20013
1	风魔龙	451000000	1	20014
5	风魔龙	451000100	1	20014
10	风魔龙	451000200	1	20014
15	风魔龙	451000300	1	20014
20	风魔龙	451000400	1	20014
25	风魔龙	451000500	1	20014
30	风魔龙	451000600	1	20014
35	风魔龙	451000700	1	20014
40	风魔龙	451000800	1	20014
45	风魔龙	451000900	1	20014
50	风魔龙	451001000	1	20014
55	风魔龙	451001100	1	20014
60	风魔龙	451001200	1	20014
65	风魔龙	451001300	1	20014
70	风魔龙	451001400	1	20014
75	风魔龙	451001500	1	20014
80	风魔龙	451001600	1	20014
85	风魔龙	451001700	1	20014
90	风魔龙	451001800	1	20014
95	风魔龙	451001900	1	20014
100	风魔龙	451002000	1	20014
105	风魔龙	451002100	1	20014
110	风魔龙	451002200	1	20014
115	风魔龙	451002300	1	20014
120	风魔龙	451002400	1	20014
1	北风狼	452000000	1	20014
5	北风狼	452000100	1	20014
10	北风狼	452000200	1	20014
15	北风狼	452000300	1	20014
20	北风狼	452000400	1	20014
25	北风狼	452000500	1	20014
30	北风狼	452000600	1	20014
35	北风狼	452000700	1	20014
40	北风狼	452000800	1	20014
45	北风狼	452000900	1	20014
50	北风狼	452001000	1	20014
55	北风狼	452001100	1	20014
60	北风狼	452001200	1	20014
65	北风狼	452001300	1	20014
70	北风狼	452001400	1	20014
75	北风狼	452001500	1	20014
80	北风狼	452001600	1	20014
85	北风狼	452001700	1	20014
90	北风狼	452001800	1	20014
95	北风狼	452001900	1	20014
100	北风狼	452002000	1	20014
105	北风狼	452002100	1	20014
110	北风狼	452002200	1	20014
115	北风狼	452002300	1	20014
120	北风狼	452002400	1	20014
1	无相之雷蒙德	401000000	1	20013
5	无相之雷蒙德	401000100	1	20013
10	无相之雷蒙德	401000200	1	20013
15	无相之雷蒙德	401000300	1	20013
20	无相之雷蒙德	401000400	1	20013
25	无相之雷蒙德	401000500	1	20013
30	无相之雷蒙德	401000600	1	20013
35	无相之雷蒙德	401000700	1	20013
40	无相之雷蒙德	401000800	1	20013
45	无相之雷蒙德	401000900	1	20013
50	无相之雷蒙德	401001000	1	20013
55	无相之雷蒙德	401001100	1	20013
60	无相之雷蒙德	401001200	1	20013
65	无相之雷蒙德	401001300	1	20013
70	无相之雷蒙德	401001400	1	20013
75	无相之雷蒙德	401001500	1	20013
80	无相之雷蒙德	401001600	1	20013
85	无相之雷蒙德	401001700	1	20013
90	无相之雷蒙德	401001800	1	20013
95	无相之雷蒙德	401001900	1	20013
100	无相之雷蒙德	401002000	1	20013
105	无相之雷蒙德	401002100	1	20013
110	无相之雷蒙德	401002200	1	20013
115	无相之雷蒙德	401002300	1	20013
120	无相之雷蒙德	401002400	1	20013
1	无相之风蒙德	402000000	1	20013
5	无相之风蒙德	402000100	1	20013
10	无相之风蒙德	402000200	1	20013
15	无相之风蒙德	402000300	1	20013
20	无相之风蒙德	402000400	1	20013
25	无相之风蒙德	402000500	1	20013
30	无相之风蒙德	402000600	1	20013
35	无相之风蒙德	402000700	1	20013
40	无相之风蒙德	402000800	1	20013
45	无相之风蒙德	402000900	1	20013
50	无相之风蒙德	402001000	1	20013
55	无相之风蒙德	402001100	1	20013
60	无相之风蒙德	402001200	1	20013
65	无相之风蒙德	402001300	1	20013
70	无相之风蒙德	402001400	1	20013
75	无相之风蒙德	402001500	1	20013
80	无相之风蒙德	402001600	1	20013
85	无相之风蒙德	402001700	1	20013
90	无相之风蒙德	402001800	1	20013
95	无相之风蒙德	402001900	1	20013
100	无相之风蒙德	402002000	1	20013
105	无相之风蒙德	402002100	1	20013
110	无相之风蒙德	402002200	1	20013
115	无相之风蒙德	402002300	1	20013
120	无相之风蒙德	402002400	1	20013
1	无相之岩蒙德	403000000	1	20013
5	无相之岩蒙德	403000100	1	20013
10	无相之岩蒙德	403000200	1	20013
15	无相之岩蒙德	403000300	1	20013
20	无相之岩蒙德	403000400	1	20013
25	无相之岩蒙德	403000500	1	20013
30	无相之岩蒙德	403000600	1	20013
35	无相之岩蒙德	403000700	1	20013
40	无相之岩蒙德	403000800	1	20013
45	无相之岩蒙德	403000900	1	20013
50	无相之岩蒙德	403001000	1	20013
55	无相之岩蒙德	403001100	1	20013
60	无相之岩蒙德	403001200	1	20013
65	无相之岩蒙德	403001300	1	20013
70	无相之岩蒙德	403001400	1	20013
75	无相之岩蒙德	403001500	1	20013
80	无相之岩蒙德	403001600	1	20013
85	无相之岩蒙德	403001700	1	20013
90	无相之岩蒙德	403001800	1	20013
95	无相之岩蒙德	403001900	1	20013
100	无相之岩蒙德	403002000	1	20013
105	无相之岩蒙德	403002100	1	20013
110	无相之岩蒙德	403002200	1	20013
115	无相之岩蒙德	403002300	1	20013
120	无相之岩蒙德	403002400	1	20013
1	风魔龙蒙德	451000000	1	20014
5	风魔龙蒙德	451000100	1	20014
10	风魔龙蒙德	451000200	1	20014
15	风魔龙蒙德	451000300	1	20014
20	风魔龙蒙德	451000400	1	20014
25	风魔龙蒙德	451000500	1	20014
30	风魔龙蒙德	451000600	1	20014
35	风魔龙蒙德	451000700	1	20014
40	风魔龙蒙德	451000800	1	20014
45	风魔龙蒙德	451000900	1	20014
50	风魔龙蒙德	451001000	1	20014
55	风魔龙蒙德	451001100	1	20014
60	风魔龙蒙德	451001200	1	20014
65	风魔龙蒙德	451001300	1	20014
70	风魔龙蒙德	451001400	1	20014
75	风魔龙蒙德	451001500	1	20014
80	风魔龙蒙德	451001600	1	20014
85	风魔龙蒙德	451001700	1	20014
90	风魔龙蒙德	451001800	1	20014
95	风魔龙蒙德	451001900	1	20014
100	风魔龙蒙德	451002000	1	20014
105	风魔龙蒙德	451002100	1	20014
110	风魔龙蒙德	451002200	1	20014
115	风魔龙蒙德	451002300	1	20014
120	风魔龙蒙德	451002400	1	20014
1	北风狼蒙德	452000000	1	20014
5	北风狼蒙德	452000100	1	20014
10	北风狼蒙德	452000200	1	20014
15	北风狼蒙德	452000300	1	20014
20	北风狼蒙德	452000400	1	20014
25	北风狼蒙德	452000500	1	20014
30	北风狼蒙德	452000600	1	20014
35	北风狼蒙德	452000700	1	20014
40	北风狼蒙德	452000800	1	20014
45	北风狼蒙德	452000900	1	20014
50	北风狼蒙德	452001000	1	20014
55	北风狼蒙德	452001100	1	20014
60	北风狼蒙德	452001200	1	20014
65	北风狼蒙德	452001300	1	20014
70	北风狼蒙德	452001400	1	20014
75	北风狼蒙德	452001500	1	20014
80	北风狼蒙德	452001600	1	20014
85	北风狼蒙德	452001700	1	20014
90	北风狼蒙德	452001800	1	20014
95	北风狼蒙德	452001900	1	20014
100	北风狼蒙德	452002000	1	20014
105	北风狼蒙德	452002100	1	20014
110	北风狼蒙德	452002200	1	20014
115	北风狼蒙德	452002300	1	20014
120	北风狼蒙德	452002400	1	20014
1	无相之雷璃月	401000000	1	20013
5	无相之雷璃月	401000100	1	20013
10	无相之雷璃月	401000200	1	20013
15	无相之雷璃月	401000300	1	20013
20	无相之雷璃月	401000400	1	20013
25	无相之雷璃月	401000500	1	20013
30	无相之雷璃月	401000600	1	20013
35	无相之雷璃月	401000700	1	20013
40	无相之雷璃月	401000800	1	20013
45	无相之雷璃月	401000900	1	20013
50	无相之雷璃月	401001000	1	20013
55	无相之雷璃月	401001100	1	20013
60	无相之雷璃月	401001200	1	20013
65	无相之雷璃月	401001300	1	20013
70	无相之雷璃月	401001400	1	20013
75	无相之雷璃月	401001500	1	20013
80	无相之雷璃月	401001600	1	20013
85	无相之雷璃月	401001700	1	20013
90	无相之雷璃月	401001800	1	20013
95	无相之雷璃月	401001900	1	20013
100	无相之雷璃月	401002000	1	20013
105	无相之雷璃月	401002100	1	20013
110	无相之雷璃月	401002200	1	20013
115	无相之雷璃月	401002300	1	20013
120	无相之雷璃月	401002400	1	20013
1	无相之风璃月	402000000	1	20013
5	无相之风璃月	402000100	1	20013
10	无相之风璃月	402000200	1	20013
15	无相之风璃月	402000300	1	20013
20	无相之风璃月	402000400	1	20013
25	无相之风璃月	402000500	1	20013
30	无相之风璃月	402000600	1	20013
35	无相之风璃月	402000700	1	20013
40	无相之风璃月	402000800	1	20013
45	无相之风璃月	402000900	1	20013
50	无相之风璃月	402001000	1	20013
55	无相之风璃月	402001100	1	20013
60	无相之风璃月	402001200	1	20013
65	无相之风璃月	402001300	1	20013
70	无相之风璃月	402001400	1	20013
75	无相之风璃月	402001500	1	20013
80	无相之风璃月	402001600	1	20013
85	无相之风璃月	402001700	1	20013
90	无相之风璃月	402001800	1	20013
95	无相之风璃月	402001900	1	20013
100	无相之风璃月	402002000	1	20013
105	无相之风璃月	402002100	1	20013
110	无相之风璃月	402002200	1	20013
115	无相之风璃月	402002300	1	20013
120	无相之风璃月	402002400	1	20013
1	无相之岩璃月	403000000	1	20013
5	无相之岩璃月	403000100	1	20013
10	无相之岩璃月	403000200	1	20013
15	无相之岩璃月	403000300	1	20013
20	无相之岩璃月	403000400	1	20013
25	无相之岩璃月	403000500	1	20013
30	无相之岩璃月	403000600	1	20013
35	无相之岩璃月	403000700	1	20013
40	无相之岩璃月	403000800	1	20013
45	无相之岩璃月	403000900	1	20013
50	无相之岩璃月	403001000	1	20013
55	无相之岩璃月	403001100	1	20013
60	无相之岩璃月	403001200	1	20013
65	无相之岩璃月	403001300	1	20013
70	无相之岩璃月	403001400	1	20013
75	无相之岩璃月	403001500	1	20013
80	无相之岩璃月	403001600	1	20013
85	无相之岩璃月	403001700	1	20013
90	无相之岩璃月	403001800	1	20013
95	无相之岩璃月	403001900	1	20013
100	无相之岩璃月	403002000	1	20013
105	无相之岩璃月	403002100	1	20013
110	无相之岩璃月	403002200	1	20013
115	无相之岩璃月	403002300	1	20013
120	无相之岩璃月	403002400	1	20013
1	风魔龙璃月	451000000	1	20014
5	风魔龙璃月	451000100	1	20014
10	风魔龙璃月	451000200	1	20014
15	风魔龙璃月	451000300	1	20014
20	风魔龙璃月	451000400	1	20014
25	风魔龙璃月	451000500	1	20014
30	风魔龙璃月	451000600	1	20014
35	风魔龙璃月	451000700	1	20014
40	风魔龙璃月	451000800	1	20014
45	风魔龙璃月	451000900	1	20014
50	风魔龙璃月	451001000	1	20014
55	风魔龙璃月	451001100	1	20014
60	风魔龙璃月	451001200	1	20014
65	风魔龙璃月	451001300	1	20014
70	风魔龙璃月	451001400	1	20014
75	风魔龙璃月	451001500	1	20014
80	风魔龙璃月	451001600	1	20014
85	风魔龙璃月	451001700	1	20014
90	风魔龙璃月	451001800	1	20014
95	风魔龙璃月	451001900	1	20014
100	风魔龙璃月	451002000	1	20014
105	风魔龙璃月	451002100	1	20014
110	风魔龙璃月	451002200	1	20014
115	风魔龙璃月	451002300	1	20014
120	风魔龙璃月	451002400	1	20014
1	北风狼璃月	452000000	1	20014
5	北风狼璃月	452000100	1	20014
10	北风狼璃月	452000200	1	20014
15	北风狼璃月	452000300	1	20014
20	北风狼璃月	452000400	1	20014
25	北风狼璃月	452000500	1	20014
30	北风狼璃月	452000600	1	20014
35	北风狼璃月	452000700	1	20014
40	北风狼璃月	452000800	1	20014
45	北风狼璃月	452000900	1	20014
50	北风狼璃月	452001000	1	20014
55	北风狼璃月	452001100	1	20014
60	北风狼璃月	452001200	1	20014
65	北风狼璃月	452001300	1	20014
70	北风狼璃月	452001400	1	20014
75	北风狼璃月	452001500	1	20014
80	北风狼璃月	452001600	1	20014
85	北风狼璃月	452001700	1	20014
90	北风狼璃月	452001800	1	20014
95	北风狼璃月	452001900	1	20014
100	北风狼璃月	452002000	1	20014
105	北风狼璃月	452002100	1	20014
110	北风狼璃月	452002200	1	20014
115	北风狼璃月	452002300	1	20014
120	北风狼璃月	452002400	1	20014
