台词ID	下一句台词ID	显示类型	[对话角色]类型	[对话角色]ID	$#VersionBegin	$#VersionEnd
4290101	4290102		1	1180		0.1
4290102	4290103		1	1180		0.1
4290103			1	1180		0.1
4290201			2			0.1
4290301	4290302		2			0.1
4290302	4290303		1	1180		0.1
4290303	4290304		1	1180		0.1
4290304	4290305		1	1180		0.1
4290305			1	1180		0.1
4290401	4290402,4290403,4290404,4290405,4290406,4290407,4290408,4290409,4290418		1	1180		0.1
4290402	4290410		2			0.1
4290403	4290411		2			0.1
4290404	4290412		2			0.1
4290405	4290413		2			0.1
4290406	4290414		2			0.1
4290407	4290415		2			0.1
4290408	4290416		2			0.1
4290409	4290417		2			0.1
4290410	4290401		1	1180		0.1
4290411	4290401		1	1180		0.1
4290412	4290401		1	1180		0.1
4290413	4290401		1	1180		0.1
4290414	4290401		1	1180		0.1
4290415	4290401		1	1180		0.1
4290416	4290401		1	1180		0.1
4290417	4290401		1	1180		0.1
4290418			2			0.1
4290501			1	1180		0.1
4290601			1	1180		0.1
200010201			1	140301		0.1
200010901	200010902		1	140301		0.1
200010902	200010903		1	140301		
200010903	200010904		1	140301		
200010904	200010905,200010906		1	140301		
200010905	200010907		2			
200010906	200010908		2			
200010907			1	140301		
200010908			1	140301		
200011001	200011002		1	140301		0.1
200011002	200011003		1	140301		
200011003	200011004		1	140301		
200011004	200011005		1	140301		
200011005			1	140301		
200110101			1	140801		0.1
200110201	200110202		1	140801		0.1
200110202	200110203		1	140801		
200110203	200110204		1	140801		
200110204	200110205		1	140801		
200110205	200110206,200110207		1	140801		
200110206	200110208		2			
200110207	200110209		2			
200110208			1	140801		
200110209			1	140801		
200110301	200110302		1	140801		0.1
200110302	200110303		1	140801		0.1
200110303	200110304		1	140801		
200110304	200110305		1	140801		
200110305			1	140801		
200120101			1	157001		0.1
200120201	200120202		1	157001		0.1
200120202	200120203		1	157001		
200120203	200120204,200120205		1	157001		
200120204	200120206		2			
200120205	200120207		2			
200120206			1	157001		
200120207			1	157001		
200120301	200120302		1	157001		0.1
200120302	200120303		1	157001		0.1
200120303	200120304		1	157001		
200120304			1	157001		
200130101			1	141301		0.1
200130201	200130202		1	141301		0.1
200130202	200130203		1	141301		
200130203	200130204		1	141301		
200130204	200130205,200130206		1	141301		
200130205	200130207		2			
200130206	200130208		2			
200130207			1	141301		
200130208			1	141301		
200130301	200130302		1	141301		0.1
200130302	200130303		1	141301		0.1
200130303	200130304		1	141301		
200130304	200130305		1	141301		
200130305	200130306		1	141301		
200130306			1	141301		
200050101	200050102		1	155101		
200050102	200050103		1	155101		
200050103	200050104		1	155101		
200050104	200050105		1	155101		
200050105	200050106,200050108		1	155101		
200050106	200050107	1	2			
200050107			1	155101		
200050108	200050109	1	2			
200050109			1	155101		
200050201	200050202		1	155101		
200050202	200050203	1	2			
200050203			1	155101		
200050401	200050402		1	155101		
200050402	200050403	1	2			
200050403	200050404		1	155101		
200050404			1	155101		
200050501	200050502		2			
200050502			1	155101		
200050601	200050602		2			
200050602			1	155101		
200050701	200050702		1	1486		
200050702	200050703		1	1486		
200050703			1	1486		
200050801			1	1486		
200050802			1	1486		
200230101	200230102		1	147101		
200230102	200230103	1	2			
200230103	200230104		1	147101		
200230104	200230105		1	147101		
200230105	200230106		1	147101		
200230106	200230107,200230110		1	147101		
200230107	200230108		2			
200230108	200230109		1	147101		
200230109			1	147101		
200230110	200230111		2			
200230111	200230112		1	147101		
200230112	200230113		1	147101		
200230113			1	147101		
200230201	200230202		1	146101		
200230202	200230203	1	2			
200230203	200230204		1	146101		
200230204	200230205		1	146101		
200230205			1	146101		
200230301	200230302		1	1465		
200230302	200230303	1	2			
200230303	200230304		1	1465		
200230304	200230305		1	1465		
200230305			1	1465		
200230401	200230402		1	147101		
200230402	200230403	1	2			
200230403	200230404		1	147101		
200230404	200230405		1	147101		
200230405	200230406		1	147101		
200230406			1	147101		
200230501			1	147101		
200230601			1	1005		
200230602			1	1005		
200230603			1	1005		
200230604			1	1005		
200230605			1	1005		
200230606			1	1005		
200230607			1	1005		
200230608			1	1005		
200230701			1	147101		
200230801			1	140301		
200230802			1	140301		
200230803			1	146101		
200230804			1	140301		
200230805			1	146101		
200230806			1	140301		
200230807			1	146101		
200230901	200230902		1	147101		
200230902	200230903	1	2			
200230903	200230904		1	147101		
200230904	200230905	1	2			
200230905	200230906		1	147101		
200230906	200230907		1	147101		
200230907	200230908		1	147101		
200230908			1	147101		
200190101	200190102		1	155101		
200190102	200190103		1	155101		
200190103	200190104		1	155101		
200190104	200190105		1	155101		
200190105	200190106,200190108		1	155101		
200190106	200190107	1	2			
200190107			1	155101		
200190108	200190109	1	2			
200190109			1	155101		
200190201	200190202		1	155101		
200190202	200190203	1	2			
200190203			1	155101		
200190401	200190402		1	155101		
200190402	200190403	1	2			
200190403	200190404		1	155101		
200190404			1	155101		
200190501	200190502		2			
200190502			1	155101		
200190601	200190602		2			
200190602			1	155101		
200190701	200190702		1	1005		
200190702	200190703		1	1005		
200190703			1	1005		
200190801			1	1005		
200190802			1	1005		
200250101	200250102		1	155101		
200250102	200250103		1	155101		
200250103	200250104		1	155101		
200250104	200250105		1	155101		
200250105	200250106,200250108		1	155101		
200250106	200250107	1	2			
200250107			1	155101		
200250108	200250109	1	2			
200250109			1	155101		
200250201	200250202		1	155101		
200250202	200250203	1	2			
200250203			1	155101		
200250401	200250402		1	155101		
200250402	200250403	1	2			
200250403	200250404		1	155101		
200250404			1	155101		
200250501	200250502		2			
200250502			1	155101		
200250601	200250602		2			
200250602			1	155101		
200250701	200250702		1	1005		
200250702	200250703		1	1005		
200250703			1	1005		
200250801			1	1005		
200250802			1	1005		
200350101	200350102		1	155101		
200350102	200350103		1	155101		
200350103	200350104		1	155101		
200350104	200350105		1	155101		
200350105	200350106,200350108		1	155101		
200350106	200350107	1	2			
200350107			1	155101		
200350108	200350109	1	2			
200350109			1	155101		
200350201	200350202		1	155101		
200350202	200350203	1	2			
200350203			1	155101		
200350401	200350402		1	155101		
200350402	200350403	1	2			
200350403	200350404		1	155101		
200350404			1	155101		
200350501	200350502		2			
200350502			1	155101		
200350601	200350602		2			
200350602			1	155101		
200350701	200350702		1	1005		
200350702	200350703		1	1005		
200350703			1	1005		
200350801			1	1005		
200350802			1	1005		
200060101	200060102		1	1419		0.1
200060102	200060103		1	1419		0.1
200060103	200060104		1	1419		0.1
200060104	200060105		1	1419		0.1
200060105	200060106,200060107		1	1419		
200060106	200060108		2			
200060107	200060110		2			
200060108	200060109		1	1419		
200060109			1	1419		
200060110			1	1419		
200060201	200060202		1	159401		0.1
200060202	200060203		1	159401		0.1
200060203	200060204	1	2			0.1
200060204	200060205		1	159401		
200060205			1	159401		
200060401	200060402		1	1419		0.1
200060402	200060403		1	1419		0.1
200060403	200060404	1	2			
200060404	200060405		1	1419		
200060405			1	1419		
200060501			1	1005		0.1
200060601			1	1005		0.1
200160101	200160102		1	1419	0.2	
200160102	200160103		1	1419	0.2	
200160103	200160104		1	1419	0.2	
200160104	200160105		1	1419	0.2	
200160105	200160106		1	1419	0.2	
200160106	200160107,200160110		1	1419	0.2	
200160107	200160108		2		0.2	
200160108	200160109		1	1419	0.2	
200160109			1	1419	0.2	
200160110	200160111		2		0.2	
200160111			1	1419	0.2	
200160201	200160202		1	1419	0.2	
200160202	200160203		1	1419	0.2	
200160203	200160204	1	2		0.2	
200160204	200160205		1	1419	0.2	
200160205			1	1419	0.2	
200160301	200160302	1	2		0.2	
200160302	200160303		1	157301	0.2	
200160303	200160304		1	157301	0.2	
200160304			1	157301	0.2	
200160401	200160402	1	2		0.2	
200160402			1	157301	0.2	
200160501	200160502	1	2		0.2	
200160502	200160503		1	157501	0.2	
200160503	200160504		1	157501	0.2	
200160504	200160505		1	157501	0.2	
200160505			1	157501	0.2	
200160601	200160602	1	2		0.2	
200160602			1	157501	0.2	
200160701	200160702	1	2		0.2	
200160702	200160703		1	157701	0.2	
200160703	200160704		1	157701	0.2	
200160704	200160705		1	157701	0.2	
200160705			1	157701	0.2	
200160801	200160802	1	2		0.2	
200160802			1	157701	0.2	
200160901			1	1005	0.2	
200161001			1	1005	0.2	
200161101			1	157301	0.2	
200161201			1	157501	0.2	
200161301			1	157701	0.2	
200161401			1	157301	0.2	
200161501			1	157501	0.2	
200161601			1	157701	0.2	
200260101	200260102		1	1419	0.2	
200260102	200260103		1	1419	0.2	
200260103	200260104		1	1419	0.2	
200260104	200260105		1	1419	0.2	
200260105	200260106		1	1419	0.2	
200260106	200260107		1	1419	0.2	
200260107	200260108,200260111		1	1419	0.2	
200260108	200260109		2		0.2	
200260109	200260110		1	1419	0.2	
200260110			1	1419	0.2	
200260111	200260112		2		0.2	
200260112	200260113		1	1419	0.2	
200260113			1	1419	0.2	
200260201	200260202	1	2		0.2	
200260202	200260203		1	1419	0.2	
200260203	200260204		1	1419	0.2	
200260204	200260205		1	1419	0.2	
200260205			1	1419	0.2	
200260301	200260302	1	2		0.2	
200260302	200260303		1	1535	0.2	
200260303	200260304		1	1535	0.2	
200260304	200260305		1	1535	0.2	
200260305			1	1535	0.2	
200260401	200260402		1	1419	0.2	
200260402	200260403		1	1419	0.2	
200260403	200260404	1	2		0.2	
200260404	200260405		1	1419	0.2	
200260405			1	1419	0.2	
200260501			1	1005	0.2	
200260601			1	1005	0.2	
200260701			1	1535	0.2	
200070101	200070102		1	153901		
200070102	200070103		1	153901		
200070103	200070104		1	153901		
200070104	200070105		1	153901		
200070105	200070106		1	153901		
200070106	200070107		1	153901		
200070107			1	153901		
200070701	200070702		2			
200070702			1	153901		
200070801	200070802		2			
200070802			1	153901		
200070201	200070202		1	153901		
200070202			1	153901		
200070301	200070302		1	153901		
200070302			1	153901		
200070401	200070402		1	153901		
200070402	200070403		1	153901		
200070403	200070404		1	153901		
200070404	200070405		1	153901		
200070405	200070406		1	153901		
200070406			1	153901		
200070901	200070902		2			
200070902			1	153901		
200071001	200071002		2			
200071002			1	153901		
200070501			1	153901		
200070601	200070602		1	153901		
200070602	200070603		1	153901		
200070603			1	153901		
200080101	200080102		1	156901		
200080102	200080103		1	156901		
200080103	200080104		1	156901		
200080104	200080105		1	156901		
200080105	200080106,200080107		1	156901		
200080106	200080108		2			
200080107	200080109		2			
200080108			1	156901		
200080109			1	156901		
200080201			1	1486		
200080202			1	1486		
200080301			1	1486		
200080302			1	1486		
200080401			1	1486		
200080402			1	1486		
200080403			1	1486		
200080501						
200090101	200090102		1	156501		
200090102	200090103		1	156501		
200090103	200090104		1	156501		
200090104	200090105		1	156501		
200090105			1	156501		
200090901	200090902		2			
200090902	200090903		1	156501		
200090903			1	156501		
200091001	200091002		2			
200091002			1	156501		
200090201	200090202		1	156501		
200090202	200090203		1	156501		
200090203	200090204		1	156501		
200090204	200090205		1	156501		
200090205			1	156501		
200090301	200090302		1	156501		
200090302	200090303		1	20025		
200090303	200090304		1	156501		
200090304	200090305		1	20025		
200090305	200090306		1	20025		
200090306	200090307		1	156501		
200090307			1	156501		
200090401	200090402		1	156501		
200090402	200090403		1	156501		
200090403			1	156501		
200090501	200090502		1	156501		
200090502	200090503		1	156501		
200090503			1	156501		
200090601	200090602		1	156501		
200090602	200090603		1	20025		
200090603	200090604		1	156501		
200090604	200090605		1	20025		
200090605	200090606		1	156501		
200090606	200090607		1	20025		
200090607	200090608		1	156501		
200090608			1	156501		
200090701	200090702		1	156501		
200090702	200090703		1	156501		
200090703	200090704		1	156501		
200090704	200090705		1	156501		
200090705			1	156501		
200090801	200090802		1	156501		
200090802			1	156501		
200091101			1	156501		
200100101	200100102		1	156501		
200100102	200100103		1	156501		
200100103	200100104		1	156501		
200100104	200100105		1	156501		
200100105			1	156501		
200100901	200100902		2			
200100902	200100903		1	156501		
200100903			1	156501		
200101001	200101002		2			
200101002			1	156501		
200100201	200100202		1	156501		
200100202	200100203		1	156501		
200100203	200100204		1	156501		
200100204	200100205		1	156501		
200100205			1	156501		
200100301	200100302		1	156501		
200100302	200100303		1	20025		
200100303	200100304		1	156501		
200100304	200100305		1	20025		
200100305	200100306		1	20025		
200100306	200100307		1	156501		
200100307			1	156501		
200100401	200100402		1	156501		
200100402	200100403		1	156501		
200100403			1	156501		
200100501	200100502		1	156501		
200100502	200100503		1	156501		
200100503			1	156501		
200100601	200100602		1	156501		
200100602	200100603		1	20025		
200100603	200100604		1	156501		
200100604	200100605		1	20025		
200100605	200100606		1	156501		
200100606	200100607		1	20025		
200100607	200100608		1	156501		
200100608			1	156501		
200100701	200100702		1	156501		
200100702	200100703		1	156501		
200100703	200100704		1	156501		
200100704	200100705		1	156501		
200100705			1	156501		
200100801	200100802		1	156501		
200100802			1	156501		
200101101			1	156501		
200150101	200150102		1	156501		
200150102	200150103		1	156501		
200150103	200150104		1	156501		
200150104	200150105		1	156501		
200150105			1	156501		
200150901	200150902		2			
200150902	200150903		1	156501		
200150903			1	156501		
200151001	200151002		2			
200151002			1	156501		
200150201	200150202		1	156501		
200150202	200150203		1	156501		
200150203	200150204		1	156501		
200150204	200150205		1	156501		
200150205			1	156501		
200150301	200150302		1	156501		
200150302	200150303		1	20025		
200150303	200150304		1	156501		
200150304	200150305		1	20025		
200150305	200150306		1	20025		
200150306	200150307		1	156501		
200150307			1	156501		
200150401	200150402		1	156501		
200150402	200150403		1	156501		
200150403			1	156501		
200150501	200150502		1	156501		
200150502	200150503		1	156501		
200150503			1	156501		
200150601	200150602		1	156501		
200150602	200150603		1	20025		
200150603	200150604		1	156501		
200150604	200150605		1	20025		
200150605	200150606		1	156501		
200150606	200150607		1	20025		
200150607	200150608		1	156501		
200150608			1	156501		
200150701	200150702		1	156501		
200150702	200150703		1	156501		
200150703	200150704		1	156501		
200150704	200150705		1	156501		
200150705			1	156501		
200150801	200150802		1	156501		
200150802			1	156501		
200151101			1	156501		
200170101	200170102		1	154901		
200170102	200170103		1	154901		
200170103	200170104		1	154901		
200170104	200170105		1	154901		
200170105	200170106		1	154901		
200170106	200170107		1	154901		
200170107			1	154901		
200170701	200170702		2			
200170702			1	154901		
200170801	200170802		2			
200170802			1	154901		
200170201			1	154901		
200170301	200170302		1	154901		
200170302			1	154901		
200170401	200170402		1	154901		
200170402	200170403		1	154901		
200170403	200170404		1	154901		
200170404			1	154901		
200170901	200170902		2			
200170902			1	154901		
200171001	200171002		2			
200171002	200171003		1	154901		
200171003			1	154901		
200170501			1	154901		
200170601	200170602		1	154901		
200170602	200170603		1	154901		
200170603			1	154901		
200180101	200180102		1	157101		
200180102	200180103		1	157101		
200180103	200180104		1	157101		
200180104	200180105	1	2			
200180105	200180106		1	157101		
200180106			1	157101		
200180701	200180702		2			
200180702			1	157101		
200180801	200180802		2			
200180802			1	157101		
200180201			1	157101		
200180301	200180302		1	157101		
200180302			1	157101		
200180401	200180402		1	157101		
200180402	200180403		1	157101		
200180403	200180404		1	157101		
200180404	200180405		1	157101		
200180405	200180406		1	157101		
200180406			1	157101		
200180501			1	157101		
200180901	200180902		2			
200180902			1	157101		
200181001	200181002		2			
200181002			1	157101		
200180601	200180602		1	157101		
200180602	200180603		1	157101		
200180603			1	157101		
200270101	200270102		1	153301		
200270102	200270103		1	153301		
200270103	200270104		1	153301		
200270104	200270105		1	153301		
200270105	200270106		1	153301		
200270106	200270107,200270108		1	153301		
200270107	200270109		2			
200270108	200270110		2			
200270109			1	153301		
200270110			1	153301		
200270201			1	1486		
200270202			1	1486		
200270301			1	1486		
200270302			1	1486		
200270401			1	1486		
200270402			1	1486		
200270403			1	1486		
200280101	200280102		1	157501		
200280102	200280103		1	157501		
200280103	200280104		1	157501		
200280104	200280105		1	157501		
200280105	200280106		1	157501		
200280106	200280107		1	157501		
200280107	200280108,200280109		1	157501		
200280108	200280110		2			
200280109	200280112		2			
200280110	200280111		1	157501		
200280111			1	157501		
200280112			1	157501		
200280201			1	1486		
200280202			1	1486		
200280301			1	1486		
200280302			1	1486		
200280401			1	1486		
200280402			1	1486		
200280403			1	1486		
200360101	200360102		1	1521		
200360102	200360103	1	2	1521		
200360103	200360104		1	1521		
200360104	200360105		1	1521		
200360105	200360106		1	1521		
200360106	200360107		1	1521		
200360107	200360108		1	1521		
200360108	200360109,200360110		1	1521		
200360109	200360111	1	2			
200360110	200360112	1	2			
200360111			1	1521		
200360112			1	1521		
200360201	200360202		1	1521		
200360202	200360203	1	2			
200360203	200360204		1	1521		
200360204	200360205	1	2			
200360205	200360206		1	1521		
200360206	200360207		1	1521		
200360207	200360208		1	1521		
200360208	200360209		1	1521		
200360209			1	1521		
200360301	200360302		1	1521		
200360302	200360303	1	2			
200360303	200360304		1	1521		
200360304	200360305		1	1521		
200360305	200360306		1	1521		
200360306			1	1521		
200370101	200370102		1	155301		
200370102	200370103		1	155301		
200370103	200370104		1	155301		
200370104	200370105		1	155301		
200370105	200370106		1	155301		
200370106	200370107	1	2			
200370107	200370108		1	1005		
200370108	200370109		1	1005		
200370109	200370110		1	155301		
200370110	200370111	1	2			
200370111	200370112		1	155301		
200370112	200370113		1	1005		
200370113	200370114		1	155301		
200370114	200370115	1	2			
200370115	200370116		1	155301		
200370116	200370117		1	155301		
200370117	200370118		1	155301		
200370118	200370119		1	155301		
200370119	200370120		1	155301		
200370120	200370121		1	155301		
200370121	200370122		1	155301		
200370122	200370123		1	1005		
200370123	200370124,200370126		1	155301		
200370124	200370125		2			
200370125			1	155301		
200370126	200370127		2			
200370127	200370128		1	155301		
200370128			1	155301		
200370201			1	155301		
200370301	200370302		1	1521		
200370302	200370303		1	1521		
200370303	200370304	1	2			
200370304	200370305		1	1521		
200370305	200370306		1	1521		
200370306	200370307		1	1521		
200370307	200370308		1	1521		
200370308	200370309		1	1521		
200370309	200370310		1	1521		
200370310	200370311	1	2			
200370311	200370312		1	1521		
200370312	200370313	1	2			
200370313	200370314		1	1521		
200370314	200370315		1	1521		
200370401			1	1521		
200370501	200370502		1	155301		
200370502	200370503	1	2			
200370503	200370504		1	155301		
200370504	200370505		1	1005		
200370505	200370506		1	155301		
200370506	200370507		1	155301		
200370507	200370508		1	155301		
200370508			1	155301		
200380101	200380102		1	1473		
200380102	200380103	1	2	1473		
200380103	200380104		1	1473		
200380104	200380105		1	1473		
200380105	200380106		1	1473		
200380106	200380107		1	1473		
200380107	200380109,200380110		1	1473		
200380109	200380111	1	2			
200380110	200380112	1	2			
200380111	200380115		1	1473		
200380112	200380113		1	1473		
200380113	200380114		1	1473		
200380114	200380115		1	1473		
200380115	200380116		1	1473		
200380116	200380117		1	1473		
200380117	200380118		1	1473		
200380118			1	1473		
200380201	200380202		1	1473		
200380202	200380203	1	2			
200380203			1	1473		
200380301	200380302		1	1473		
200380302	200380303	1	2			
200380303	200380304		1	1473		
200380304			1	1473		
200390101	200390102		1	1587		
200390102	200390103		1	1587		
200390103	200390104		1	1587		
200390104	200390105	1	2			
200390105	200390106		1	1587		
200390106			1	1587		
200390201	200390202	1	2			
200390202			1	1587		
200390301	200390302		2			
200390302			1	1587		
200390401	200390402		1	1587		
200390402	200390403		1	1587		
200390403	200390404		1	1587		
200390404	200390405		1	1587		
200390405	200390406		1	1587		
200390406	200390407		1	1587		
200390407		1	2			
200390501	200390502		1	1587		
200390502	200390503		1	1587		
200390503	200390504		1	1587		
200390504	200390505		1	1587		
200390505	200390506		1	1587		
200390506	200390507		1	1587		
200390507	200390508		1	1587		
200390508		1	2			
200390601	200390602		1	1587		
200390602	200390603		1	1587		
200390603	200390604		1	1587		
200390604	200390605		1	1587		
200390605	200390606		1	1587		
200390606	200390607		1	1587		
200390607	200390608		1	1587		
200390608		1	2			
200390701	200390702		1	1587		
200390702	200390703		1	1587		
200390703	200390704	1	2			
200390704	200390705		1	1587		
200390705	200390706		1	1587		
200390706			1	1587		
200390801	200390802		1	1587		
200390802	200390803		1	1587		
200390803	200390804	1	2			
200390804	200390805		1	1587		
200390805	200390806		1	1587		
200390806			1	1587		
200390901	200390902		1	1587		
200390902	200390903		1	1587		
200390903	200390904	1	2			
200390904	200390905		1	1587		
200390905	200390906		1	1587		
200390906			1	1587		
200391001	200391002		1	1587		
200391002	200391003		1	1587		
200391003	200391004		1	1587		
200391004	200391005		1	1587		
200391005	200391006		1	1587		
200391006			1	1587		
200391101	200391102		1	1587		
200391102	200391103		1	1587		
200391103	200391104		1	1587		
200391104	200391105		1	1587		
200391105	200391106		1	1587		
200391106			1	1587		
200391201	200391202		1	1587		
200391202	200391203		1	1587		
200391203	200391204		1	1587		
200391204	200391205		1	1587		
200391205	200391206		1	1587		
200391206			1	1587		
200391301	200391302		1	1587		
200391302	200391303		1	1587		
200391303			1	1587		
200391401	200391402		1	1587		
200391402	200391403		1	1587		
200391403			1	1587		
200391501	200391502		1	1587		
200391502	200391503		1	1587		
200391503			1	1587		
200400101	200400102		1	158101		
200400102	200400103		1	158101		
200400103	200400104	1	2			
200400104	200400105		1	158101		
200400105	200400106		1	158101		
200400106	200400107		1	158101		
200400107	200400108		1	158101		
200400108			1	158101		
200400201	200400202		1	158101		
200400202	200400203	1	2			
200400203	200400204		1	158101		
200400204	200400205		1	158101		
200400205	200400206		1	158101		
200400206			1	158101		
200400301			1	158101		
200400501	200400502		1	1005		
200400502	200400503		1	1005		
200400503	200400504,200400505		1	1005		
200400504	200400506		2			
200400505	200400507		2			
200400506			1	1005		
200400507	200400508		1	1005		
200400508			1	1005		
200400401	200400402		1	158101		
200400402	200400403		1	158101		
200400403	200400404		1	158101		
200400404	200400405,200400408		1	158101		
200400405	200400406		2			
200400406	200400407		1	158101		
200400407	200400410		1	158101		
200400408	200400409		2			
200400409	200400410		1	158101		
200400410	200400411		1	158101		
200400411	200400412		1	158101		
200400412	200400413		1	158101		
200400413	200400414		1	158101		
200400414			1	158101		
200410101	200410102		1	1589		
200410102	200410103		1	1591		
200410103	200410104	1	2			
200410104	200410105		1	1589		
200410105	200410106		1	1589		
200410106	200410107		1	1589		
200410107	200410108		1	1589		
200410108	200410109		1	1589		
200410109	200410110,200410111		1	1589		
200410110			2			
200410111	200410112		2			
200410112	200410113		1	1589		
200410113			1	1589		
200410201	200410202		1	1589		
200410202	200410203	1	2			
200410203			1	1589		
200410301	200410302		1	1589		
200410302	200410303	1	2			
200410303	200410304		1	1589		
200410304			1	1589		
200440101	200440102		1	1605		
200440102	200440103	1	2			
200440103	200440104		1	1605		
200440104	200440105		1	1605		
200440105	200440106		1	1605		
200440106	200440107		1	1605		
200440107	200440108,200440109		1	1605		
200440108	200440110		2			
200440109	200440112		2			
200440110	200440111		1	1605		
200440111	200440114		1	1605		
200440112	200440113		1	1605		
200440113	200440114		1	1605		
200440114			1	1605		
200440201	200440202		1	1605		
200440202	200440203	1	2			
200440203	200440204		1	1605		
200440204	200440205		1	1605		
200440205	200440206		1	1605		
200440206			1	1605		
200440301	200440302		1	1605		
200440302	200440303		1	1605		
200440303			1	1605		
200420101	200420102		1	147101		
200420102	200420103	1	2			
200420103	200420104		1	147101		
200420104	200420105		1	147101		
200420105	200420106		1	147101		
200420106			1	147101		
200420201	200420202		2			
200420202			1	147101		
200420301	200420302		2			
200420302	200420303		1	147101		
200420303	200420304		1	147101		
200420304			1	147101		
200420401	200420402		1	160201		
200420402			1	160201		
200420801	200420802		2			
200420802			1	160201		
200420901	200420902		2			
200420902			1	160201		
200421001	200421002		1	160201		
200421002	200421003		1	160201		
200421003	200421004		1	160201		
200421004	200421005		1	160201		
200421005	200421006	1	2			
200421006	200421007		1	160201		
200421007	200421008		1	160201		
200421008	200421009		1	160201		
200421009	200421010		1	160201		
200421010			1	160201		
200421101	200421102		2			
200421102			1	160201		
200421201	200421202		2			
200421202	200421203		1	160201		
200421203			1	160201		
200421301	200421302		2			
200421302	200421303		1	160201		
200421303			1	160201		
200420501			1	160201		
200420601	200420602		1	160201		
200420602	200420603	1	2			
200420603	200420604		1	160201		
200420604	200420605		1	160201		
200420605	200420606		1	160201		
200420606	200420607		1	160201		
200420607			1	160201		
200420701	200420702		1	1471		
200420702	200420703		1	1471		
200420703	200420704	1	2			
200420704	200420705		1	1471		
200420705	200420706		1	1471		
200420706	200420707		1	1471		
200420707			1	1471		
200430101	200430102		1	142101		
200430102	200430103	1	2			
200430103	200430104		1	142101		
200430104	200430105		1	142101		
200430105	200430106		1	142101		
200430106	200430107,200430109		1	142101		
200430107	200430108		2			
200430108			1	142101		
200430109	200430110		2			
200430110			1	1005		
200430201			1	142101		
200430701			1	140301		
200430801	200430802		1	1005		
200430802	200430803		1	1005		
200430803	200430804		1	1005		
200430804			1	1005		
200430301	200430302		1	140301		
200430302	200430303	1	2			
200430303	200430304		1	140301		
200430304	200430305		1	140301		
200430305	200430306		1	140301		
200430306	200430307,200430309		1	140301		
200430307	200430308		2			
200430308			1	140301		
200430309	200430310		2			
200430310	200430311		1	1005		
200430311			1	1005		
200430401	200430402		1	140301		
200430402	200430403	1	2			
200430403			1	140301		
200430501	200430502		1	140301		
200430502	200430503	1	2			
200430503	200430504		1	140301		
200430504	200430505		1	140301		
200430505	200430506		1	140301		
200430506	200430507		1	1005		
200430507	200430508	1	2			
200430508	200430509		1	140301		
200430509	200430510		1	140301		
200430510	200430511		1	140301		
200430511	200430512		1	1005		
200430512	200430513		1	140301		
200430513	200430514		1	140301		
200430514			1	140301		
200430901			1	140301		
200431001	200431402		1	1005		
200431002			1	1005		
200430601	200430602		1	142101		
200430602	200430603	1	2			
200430603	200430604		1	1005		
200430604	200430605		1	142101		
200430605	200430606		1	1005		
200430606	200430607		1	142101		
200430607	200430608		1	142101		
200430608	200430609		1	142101		
200430609	200430610		1	142101		
200430610			1	142101		
200470101	200470102		1	1589		
200470102	200470103		1	1591		
200470103	200470104	1	2			
200470104	200470105		1	1591		
200470105	200470106		1	1591		
200470106	200470107		1	1591		
200470107	200470108		1	1591		
200470108	200470109		1	1591		
200470109	200470110,200470113		1	1591		
200470110	200470111		2			
200470111	200470112		1	1591		
200470112			1	1591		
200470113	200470114		2			
200470114	200470115		1	1591		
200470115			1	1591		
200470201	200470202		1	1591		
200470202	200470203	1	2			
200470203			1	1591		
200470301	200470302		1	1591		
200470302	200470303	1	2			
200470303	200470304		1	1591		
200470304	200470305	1	2			
200470305	200470306		1	1591		
200470306			1	1591		
200480101	200480102		1	1567		
200480102	200480103		1	1567		
200480103	200480104	1	2			
200480104	200480105		1	1567		
200480105	200480106		1	1567		
200480106	200480107		1	1567		
200480107	200480108		1	1567		
200480108	200480109,200480110		1	1567		
200480109	200480111		2			
200480110	200480113		2			
200480111	200480112		1	1567		
200480112			1	1567		
200480113	200480114		1	1567		
200480114			1	1567		
200480401	200480402		1	1567		
200480402	200480403	1	2			
200480403	200480404		1	1567		
200480404			1	1567		
200480201	200480202		1	1567		
200480202	200480203	1	2			
200480203	200480204		1	1567		
200480204			1	1567		
200480501			1	1567		
200480301	200480302		1	1567		
200480302	200480303		1	1567		
200480303	200480304	1	2			
200480304	200480305		1	1567		
200480305			1	1567		
200480601	200480602		1	1567		
200480602	200480603	1	2			
200480603	200480604		1	1567		
200480604			1	1567		
200490101	200490102		1	146101		
200490102	200490103		1	146101		
200490103	200490104	1	2			
200490104	200490105		1	146101		
200490105	200490106		1	146101		
200490106	200490107		1	146101		
200490107	200490108	1	2			
200490108	200490109		1	146101		
200490109	200490110		1	146101		
200490110	200490111		1	146101		
200490111	200490112,200490114		1	146101		
200490112	200490113		2			
200490113			1	146101		
200490114	200490115		2			
200490115	200490116		1	146101		
200490116	200490117		1	146101		
200490117			1	146101		
200490201	200490202		1	146301		
200490202	200490203		1	146301		
200490203	200490204		1	1403		
200490204	200490205		1	146301		
200490205	200490206		1	1403		
200490206	200490207		1	146301		
200490207	200490208		1	1005		
200490208	200490209		1	1403		
200490209	200490210	1	2			
200490210	200490211		1	1005		
200490211	200490212		1	1403		
200490212			1	146301		
200490301			1	1403		
200490401	200490402		1	146301		
200490402	200490403		1	146301		
200490403			1	146301		
200490501	200490502		1	1005		
200490502	200490503		1	1005		
200490503			1	1005		
200490601	200490602		1	1403		
200490602	200490603	1	2			
200490603	200490604		1	1403		
200490604	200490605		1	146301		
200490605			1	146301		
200490701	200490702		1	1005		
200490702			1	1005		
200490801	200490802		1	146101		
200490802	200490803		1	1005		
200490803	200490804	1	2			
200490804	200490805		1	146101		
200490805	200490806		1	1005		
200490806	200490807		1	146101		
200490807	200490808		1	146101		
200490808			1	146101		
200500101	200500102		1	1605		
200500102	200500103	1	2			
200500103	200500104		1	1605		
200500104	200500105		1	1605		
200500105	200500106		1	1605		
200500106	200500107		1	1605		
200500107	200500108,200500109		1	1605		
200500108	200500110		2			
200500109	200500112		2			
200500110	200500111		1	1605		
200500111	200500114		1	1605		
200500112	200500113		1	1605		
200500113	200500114		1	1605		
200500114	200500115		1	1605		
200500115			1	1605		
200500201	200500202		1	1605		
200500202	200500203	1	2			
200500203	200500204		1	1605		
200500204	200500205		1	1605		
200500205	200500206		1	1605		
200500206			1	1605		
200500301	200500302		1	1605		
200500302	200500303		1	1605		
200500303			1	1605		
200510101	200510102		1	1465		
200510102	200510103	1	2			
200510103	200510104		1	1465		
200510104	200510105		1	1465		
200510105	200510106		1	1465		
200510106	200510107		1	1465		
200510107	200510108		1	1465		
200510108	200510109		1	1465		
200510109	200510110,200510112		1	1465		
200510110	200510111	1	2			
200510111			1	1465		
200510112	200510113	1	2			
200510113	200510114		1	1465		
200510114	200510115		1	1465		
200510115			1	1465		
200510201	200510202		1	1403		
200510202			1	1403		
200510203	200510204	1	2			
200510204	200510205		1	1403		
200510205	200510206		1	1403		
200510206	200510207	1	2			
200510207	200510208		1	1403		
200510208	200510209		1	1403		
200510209			1	1403		
200510210	200510211		2			
200510211			1	1403		
200510301	200510302		1	1431		
200510302			1	1431		
200510303	200510304	1	2			
200510304	200510305		1	1431		
200510305	200510306		1	1431		
200510306	200510307		1	1431		
200510307	200510308		1	1431		
200510308	200510309		1	1431		
200510309	200510310		1	1431		
200510310			1	1431		
200510311	200510312		2			
200510312			1	1431		
200510401	200510402		1	1537		
200510402			1	1537		
200510403	200510404		2			
200510404	200510405		1	1537		
200510405	200510406		1	1537		
200510406	200510407		1	1537		
200510407	200510408		1	1537		
200510408			1	1537		
200510409	200510410		2			
200510410			1	1537		
200510501	200510502		1	1413		
200510502			1	1413		
200510503	200510504		2			
200510504	200510505		1	1413		
200510505	200510506		1	1413		
200510506	200510507		1	1413		
200510507	200510508		1	1413		
200510508			1	1413		
200510509	200510510		2			
200510510			1	1413		
200510601	200510602		1	1461		
200510602	200510603		1	1461		
200510603	200510604	1	2			
200510604	200510605		1	1461		
200510605	200510606		1	1461		
200510606	200510607		1	1461		
200510607	200510608		1	1461		
200510608	200510609		1	1461		
200510609	200510610		1	1461		
200510610	200510611		1	1461		
200510611	200510612		1	1461		
200510612	200510613		1	1461		
200510613	200510614	1	2			
200510614	200510615		1	1461		
200510615			1	1461		
200510701	200510702		1	1465		
200510702	200510703		1	1465		
200510801			1	1465		
200510901	200510902		1	140301		
200510902	200510903		1	140301		
200510903	200510904		1	140301		
200510904	200510905		1	140301		
200510905	200510906		1	140301		
200510906	200510907		1	140301		
200510907	200510908		1	140301		
200510908	200510909		1	140301		
200510909	200510910		1	140301		
200510910			1	140301		
200511001	200511002		1	143101		
200511002	200511003		1	143101		
200511003	200511004		1	143101		
200511004	200511005		1	143101		
200511005	200511006		1	143101		
200511006	200511007		1	143101		
200511007	200511008		1	143101		
200511008	200511009		1	143101		
200511009	200511010		1	143101		
200511010			1	143101		
200511101	200511102		1	153701		
200511102	200511103		1	153701		
200511103	200511104		1	153701		
200511104	200511105		1	153701		
200511105	200511106		1	153701		
200511106	200511107		1	153701		
200511107	200511108		1	153701		
200511108	200511109		1	153701		
200511109	200511110		1	153701		
200511110	200511111		1	153701		
200511111	200511112		1	153701		
200511112			1	153701		
200511201	200511202		1	141301		
200511202	200511203		1	141301		
200511203	200511204		1	141301		
200511204	200511205		1	141301		
200511205	200511206		1	141301		
200511206	200511207		1	141301		
200511207	200511208		1	141301		
200511208	200511209		1	141301		
200511209	200511210		1	141301		
200511210			1	141301		
200511301	200511302		2			
200511302	200511303		1	1465		
200511303	200511304		1	1465		
200511304			1	1465		
200511401	200511402		2			
200511402	200511403		1	1465		
200511403	200511404		1	1465		
200511404			1	1465		
200511501	200511502		2			
200511502	200511503		1	1465		
200511503	200511504		1	1465		
200511504			1	1465		
200511601	200511602		2			
200511602	200511603		1	1465		
200511603	200511604		1	1465		
200511604			1	1465		
200511701			1	1465		
200511801	200511802		1	1465		
200511802	200511803		2			
200511803			1	1465		
200511804			1	1465		
200511805			1	1465		
200511806			1	1465		
200511807			1	1465		
200512001	200512002,200512007		1	140301		
200512002	200512003		2			
200512003	200512004		1	140301		
200512004	200512005		1	140301		
200512005	200512006		1	140301		
200512006			1	140301		
200512007	200512008		2			
200512008			1	140301		
200512101	200512102,200512108		1	143101		
200512102	200512103		2			
200512103	200512104		1	143101		
200512104	200512105		1	143101		
200512105	200512106		1	143101		
200512106	200512107		1	143101		
200512107			1	143101		
200512108	200512109		2			
200512109			1	143101		
200512201	200512202,200512206		1	153701		
200512202	200512203		2			
200512203	200512204		1	153701		
200512204	200512205		1	153701		
200512205			1	153701		
200512206	200512207		2			
200512207			1	153701		
200512301	200512302,200512307		1	141301		
200512302	200512303		2			
200512303	200512304		1	141301		
200512304	200512305		1	141301		
200512305	200512306		1	141301		
200512306			1	141301		
200512307	200512308		2			
200512308			1	141301		
200512401			1	1403		
200512501			1	1431		
200512601			1	1537		
200512701			1	1413		
200512801	200512802		2			
200512802			1	1465		
200512901	200512902		2			
200512902			1	1465		
200513001	200513002		2			
200513002			1	1465		
200513101	200513102		2			
200513102			1	1465		
200513201			1	1465		
200516701	200516702		2			
200516702			1	1465		
200516801			1	1465		
200516601	200516602		2			
200516602			1	1465		
200513301			1	1465		
200513401	200513402		2			
200513402			1	1465		
200513501	200513502		2			
200513502			1	1465		
200513601	200513602		2			
200513602			1	1465		
200513701	200513702		2			
200513702			1	1465		
200513801			1	1465		
200513802			1	1465		
200513901	200513902		2			
200513902			1	1465		
200514001	200514002		2			
200514002			1	1465		
200514101	200514102		2			
200514102			1	1465		
200514201	200514202		2			
200514202			1	1465		
200514301			1	1465		
200514401			1	1465		
200514501			1	1465		
200514601			1	1465		
200514701			1	1465		
200514801			1	1465		
200514901			1	1465		
200515101	200515102		1	1465		
200515102			1	1465		
200515201	200515202		1	1465		
200515202			1	1465		
200515301	200515302		2			
200515302	200515303		1	1465		
200515303			1	1465		
200515401	200515402		2			
200515402			1	1465		
200515501			1	1465		
200540101	200540102		1	140301		
200540102	200540103		1	140301		
200540103			1	140301		
200540201			1	140301		
200540301			1	140301		
200540401			1	140301		
200540501			1	140301		
200540601			1	140301		
200540701			1	140301		
200540801			1	140301		
200540901			1	140301		
200541001			1	140301		
200541101			1	140301		
200541201			1	140301		
200541301			1	140301		
200541401	200541402		1	140301		
200541402			1	140301		
200541501			1	140301		
200550101			1	143101		
200550201	200550202		1	143101		
200550202	200550203		1	143101		
200550203			1	143101		
200550301			1	143101		
200550401			1	143101		
200550501			1	143101		
200550601			1	143101		
200550701			1	143101		
200550801			1	143101		
200550901			1	143101		
200551001			1	143101		
200551101			1	143101		
200551201			1	143101		
200551301			1	143101		
200551401	200551402		1	143101		
200551402			1	143101		
200551501			1	153701		
200560101			1	153701		
200560201			1	153701		
200560301	200560302		1	153701		
200560302			1	153701		
200560401			1	153701		
200560501			1	153701		
200560601			1	153701		
200560701			1	153701		
200560801			1	153701		
200560901			1	153701		
200561001			1	153701		
200561101			1	153701		
200561201			1	153701		
200561301			1	153701		
200561401			1	153701		
200561501			1	153701		
200570101			1	153701		
200570201			1	141301		
200570301			1	141301		
200570401	200570402		1	141301		
200570402	200570403		1	141301		
200570403			1	141301		
200570501			1	141301		
200570601			1	141301		
200570701			1	141301		
200570801			1	141301		
200570901			1	141301		
200571001			1	141301		
200571101			1	141301		
200571201			1	141301		
200571301			1	141301		
200571401	200571402		1	141301		
200571402			1	141301		
200571501			1	141301		
200520101	200520102		1	20004		
200520102	200520103		1	20004		
200520103	200520104		1	20004		
200520104			1	20004		
200530101	200530102		1	1605		
200530102	200530103	1	2			
200530103	200530104		1	1605		
200530104	200530105		1	1605		
200530105	200530106		1	1605		
200530106	200530107		1	1605		
200530107	200530108,200530109		1	1605		
200530108	200530110		2			
200530109	200530112		2			
200530110	200530111		1	1605		
200530111	200530114		1	1605		
200530112	200530113		1	1605		
200530113	200530114		1	1605		
200530114	200530115		1	1605		
200530115			1	1605		
200530201	200530202		1	1605		
200530202	200530203	1	2			
200530203	200530204		1	1605		
200530204	200530205		1	1605		
200530205	200530206		1	1605		
200530206			1	1605		
200530301	200530302		1	1605		
200530302	200530303		1	1605		
200530303			1	1605		
2005401101	2005401102		1	1441		
2005401102	2005401103		1	1441		
2005401103	2005401104	1	2			
2005401104	2005401105		1	1441		
2005401105	2005401106		1	1441		
2005401106	2005401107		1	1441		
2005401107	2005401108		1	1441		
2005401108	2005401109		1	1441		
2005401109	2005401110,2005401111		1	1441		
2005401110	2005401112		2			
2005401111	2005401113		2			
2005401112			1	1441		
2005401113	2005401114		1	1441		
2005401114			1	1441		
2005412101	2005412102		1	1441		
2005412102		1	2			
2005402101	2005402102		1	1441		
2005402102	2005402103		1	1441		
2005402103	2005402104		1	1441		
2005402104	2005402105		1	1441		
2005402105	2005402106		1	1441		
2005402106			1	1441		
2005403101	2005403102		1	1441		
2005403102	2005403103		1	1441		
2005403103	2005403104		1	1441		
2005403104	2005403105		1	1441		
2005403105	2005403106		1	1441		
2005403106			1	1441		
2005404101	2005404102		1	1441		
2005404102	2005404103		1	1441		
2005404103	2005404104		1	1441		
2005404104	2005404105		1	1441		
2005404105			1	1441		
2005405101	2005405102		1	1441		
2005405102	2005405103		1	1441		
2005405103	2005405104		1	1441		
2005405104	2005405105		1	1441		
2005405105			1	1441		
2005406101	2005406102		1	1441		
2005406102	2005406103		1	1441		
2005406103	2005406104		1	1441		
2005406104	2005406105		1	1441		
2005406105	2005406106		1	1441		
2005406106			1	1441		
2005407101	2005407102		1	1533		
2005407102	2005407103	1	2			
2005407103	2005407104		1	1533		
2005407104	2005407105		1	1533		
2005407105	2005407106		1	1533		
2005407106	2005407107	1	2			
2005407107	2005407108		1	1005		
2005407108	2005407109		1	1005		
2005407109	2005407110		1	1533		
2005407110	2005407111		1	1533		
2005407111	2005407112		1	1533		
2005407112	2005407113,2005407114		1	1533		
2005407113	2005407115		2			
2005407114	2005407116		2			
2005407115	2005407117		1	1533		
2005407116	2005407117		1	1533		
2005407117	2005407118		1	1533		
2005407118			1	1533		
2005408101	2005408102		1	1533		
2005408102	2005408103	1	2			
2005408103	2005408104		1	1533		
2005408104	2005408105		1	1533		
2005408105	2005408106		1	1533		
2005408106	2005408107	1	2			
2005408107	2005408108		1	1005		
2005408108	2005408109		1	1005		
2005408109	2005408110		1	1533		
2005408110	2005408111		1	1533		
2005408111	2005408112		1	1533		
2005408112	2005408113,2005408114		1	1533		
2005408113	2005408115		2			
2005408114	2005408116		2			
2005408115	2005408117		1	1533		
2005408116	2005408117		1	1533		
2005408117	2005408118		1	1533		
2005408118			1	1533		
2005409101	2005409102		1	1533		
2005409102	2005409103	1	2			
2005409103	2005409104		1	1533		
2005409104	2005409105		1	1533		
2005409105	2005409106		1	1533		
2005409106	2005409107	1	2			
2005409107	2005409108		1	1005		
2005409108	2005409109		1	1005		
2005409109	2005409110		1	1005		
2005409110	2005409111		1	1533		
2005409111	2005409112		1	1533		
2005409112	2005409113,2005409114		1	1533		
2005409113	2005409115		2			
2005409114	2005409116		2			
2005409115	2005409117		1	1533		
2005409116	2005409117		1	1533		
2005409117	2005409118		1	1533		
2005409118	2005409119		1	1533		
2005409119			1	1533		
2005410101	2005410102		1	1533		
2005410102	2005410103	1	2			
2005410103	2005410104		1	1533		
2005410104	2005410105		1	1533		
2005410105	2005410106		1	1533		
2005410106	2005410107	1	2			
2005410107	2005410108		1	1005		
2005410108	2005410109		1	1005		
2005410109	2005410110		1	1533		
2005410110	2005410111		1	1533		
2005410111	2005410112,2005410113		1	1533		
2005410112	2005410114		2			
2005410113	2005410115		2			
2005410114	2005410116		1	1533		
2005410115	2005410116		1	1533		
2005410116	2005410117		1	1533		
2005410117			1	1533		
2005411101	2005411102		1	1533		
2005411102	2005411103	1	2			
2005411103	2005411104		1	1533		
2005411104	2005411105		1	1533		
2005411105	2005411106		1	1533		
2005411106	2005411107	1	2			
2005411107	2005411108		1	1005		
2005411108	2005411109		1	1005		
2005411109	2005411110		1	1533		
2005411110	2005411111		1	1533		
2005411111	2005411112		1	1533		
2005411112	2005411113,2005411114		1	1533		
2005411113	2005411115		2			
2005411114	2005411116		2			
2005411115	2005411118		1	1533		
2005411116	2005411117		1	1533		
2005411117	2005411118		1	1533		
2005411118	2005411119		1	1533		
2005411119	2005411120		1	1533		
2005411120			1	1533		
2005413101	2005413102		1	1441		
2005413102	2005413103	1	2			
2005413103	2005413104		1	1441		
2005413104	2005413105		1	1441		
2005413105	2005413106		1	1441		
2005413106	2005413107		1	1441		
2005413107			1	1441		
2005414101	2005414102		1	1441		
2005414102	2005414103	1	2			
2005414103	2005414104		1	1441		
2005414104	2005414105		1	1441		
2005414105	2005414106		1	1441		
2005414106	2005414107		1	1441		
2005414107			1	1441		
2005415101	2005415102		2			
2005415102	2005415103	1	1	1441		
2005415103	2005415104		1	1441		
2005415104	2005415105		1	1441		
2005415105	2005415106		1	1441		
2005415106	2005415107		1	1441		
2005415107	2005415108		1	1441		
2005415108			1	1441		
2005416101	2005416102		2			
2005416102	2005416103	1	1	1441		
2005416103	2005416104		1	1441		
2005416104	2005416105		1	1441		
2005416105	2005416106		1	1441		
2005416106	2005416107		1	1441		
2005416107	2005416108		1	1441		
2005416108			1	1441		
2005417101	2005417102		2			
2005417102	2005417103	1	1	1441		
2005417103	2005417104		1	1441		
2005417104	2005417105		1	1441		
2005417105	2005417106		1	1441		
2005417106	2005417107		1	1441		
2005417107	2005417108		1	1441		
2005417108	2005417109		1	1441		
2005417109			1	1441		
200580101	200580102		1	1601		
200580102	200580103	1	2			
200580103	200580104		1	1601		
200580104	200580105		1	1601		
200580105	200580106,200580108		1	1601		
200580106	200580107		2			
200580107	200580110		1	1601		
200580108	200580109		2			
200580109	200580110		1	1601		
200580110	200580111		1	1601		
200580111	200580112		1	142901		
200580112	200580113		1	142901		
200580113	200580114		1	1601		
200580114	200580115		1	142901		
200580115			1	142901		
200580201	200580202		1	1601		
200580202	200580203	1	2			
200580203	200580204		1	160101		
200580204	200580205		1	160101		
200580205	200580206		1	160101		
200580206	200580207		1	160101		
200580207	200580208		1	160101		
200580208	200580209		1	160101		
200580209	200580210,200580212		1	160101		
200580210	200580211		2			
200580211			1	160101		
200580212	200580213		2			
200580213			1	160101		
200580301	200580302		1	160101		
200580302	200580303		1	160101		
200580303			1	160101		
200580401			1	160101		
200580501	200580502		2			
200580502			1	160101		
200580601	200580602		2			
200580602			1	160101		
200580801	200580802		2			
200580802	200580803		1	160101		
200580901	200580902,200580907		1	142901		
200580902	200580903		2			
200580903	200580904		1	142901		
200580904	200580905		1	142901		
200580905	200580906		1	142901		
200580906			1	142901		
200580907	200580908		2			
200580908	200580909		1	142901		
200580909	200580910		1	142901		
200580910	200580911		1	142901		
200580911	200580912		1	142901		
200580912			1	142901		
200581101	200581102,200581104		1	160101		
200581102	200581103		2			
200581103	200581106		1	160101		
200581104	200581105		2			
200581105	200581106		1	160101		
200581106	200581107		1	160101		
200581107	200581108		1	160101		
200581108			1	160101		
200600101	200600102		1	1533		
200600102	200600103	1	2			
200600103	200600104		1	1533		
200600104	200600105		1	1533		
200600105	200600106		1	1533		
200600106	200600107		1	1533		
200600107	200600108,200600110		1	1533		
200600108	200600109		1	1533		
200600109	200600112		1	1533		
200600110	200600111		1	1533		
200600111	200600112		1	1533		
200600112	200600113		1	1533		
200600113	200600114		1	1533		
200600114	200600115		1	1533		
200600115			1	1533		
200600201			1	1005		
200600301			1	1005		
200600401	200600402		1	1005		
200600402			1	1005		
200600501	200600502		1	1441		
200600502	200600503,200600506		1	1441		
200600503	200600504		2			
200600504	200600505		1	1441		
200600505			1	1441		
200600506	200600507		2			
200600507	200600508		1	1441		
200600508	200600509		1	1441		
200600509			1	1441		
200600601			1	1473		
200600701	200600702		1	1473		
200600702	200600703	1	2			
200600703	200600704		1	1473		
200600704			1	1473		
200600705			1	1473		
200600706			1	1473		
200600801	200600802		1	1473		
200600802	200600803		1	1473		
200600803	200600804,200600806		1	1473		
200600804	200600805		1	1473		
200600805			1	1473		
200600806	200600807		1	1473		
200600807			1	1473		
200600901	200600902,200600904		1	1533		
200600902	200600903		2	1533		
200600903	200600907		1	1533		
200600904	200600905		2	1533		
200600905	200600906		1	1533		
200600906	200600907		1	1533		
200600907	200600908		1	1533		
200600908	200600909		1	1533		
200600909			1	1533		
200601001	200601002		1	1533		
200601002	200601003		1	1533		
200601003			1	1533		
200590101	200590102		1	1435		
200590102	200590103	1	2			
200590103	200590104		1	1435		
200590104	200590105		1	1435		
200590105	200590106		1	1435		
200590106	200590107		1	1435		
200590107	200590108,200590110		1	1435		
200590108	200590109		2			
200590109			1	1435		
200590110	200590111		2			
200590111	200590112		1	1435		
200590112			1	1435		
200590201			1	1435		
2005902001	2005902002		1	1435		
2005902002	2005902003		1	1435		
2005902003			1	1435		
2005904001	2005904002		1	1435		
2005904002			1	1435		
2005904010			1	1435		
2005904020			1	1435		
2005906001	2005906002		1	1435		
2005906002	2005906003		1	1435		
2005906003			1	1435		
2005910001	2005910002		1	141301		
2005910002	2005910003		1	1435		
2005910003	2005910004		1	1435		
2005910004	2005910005		1	1435		
2005910005	2005910006		1	1435		
2005910006	2005910007		1	141301		
2005910007	2005910008		1	141301		
2005910008	2005910009		1	141301		
2005910009	2005910010		1	1435		
2005910010	2005910011		1	1435		
2005910011			1	141301		
2005910101	2005910102		2			
2005910102	2005910103		1	141301		
2005910103			1	1435		
2005910601	2005910602		1	1435		
2005910602	2005910603		1	1435		
2005910603			1	1435		
2005910201	2005910202		2			
2005910202	2005910203		1	141301		
2005910203	2005910204		1	141301		
2005910204			1	141301		
2005910301	2005910302		1	1435		
2005910302			1	1435		
2005910501	2005910502		1	1435		
2005910502	2005910503		1	1435		
2005910503			1	1435		
2005910401	2005910402		1	1413		
2005910402	2005910403		1	1413		
2005910403			1	1413		
200610101	200610102		1	1537		
200610102	200610103		1	1537		
200610103	200610104	1	2			
200610104	200610105		1	1537		
200610105	200610106		1	1537		
200610106	200610111		1	1537		
200610111	200610107,200610109		1	1537		
200610107	200610108		2			
200610108			1	1537		
200610109	200610110		2			
200610110	200610112		1	1537		
200610112			1	1537		
200610201			1	1005		
200610301			1	1005		
200610302			1	1005		
200610303			1	1005		
200610304			1	1005		
200610401	200610402		1	1537		
200610402	200610403		1	1537		
200610403	200610404		1	1537		
200610404			1	1537		
200610501	200610502		1	1537		
200610502	200610503		1	1537		
200610503	200610504,200610506		1	1537		
200610504	200610505		2			
200610505	200610508		1	1537		
200610506	200610507		2			
200610507	200610508		1	1537		
200610508			1	1537		
200611101			1	1537		
200611201	200611202		1	1419		
200611202	200611203		1	1419		
200611203	200611204		1	1419		
200611204			1	1419		
200611301	200611302		1	1537		
200611302	200611303		1	1537		
200611303			1	1537		
200610601			1	1005		
200610602			1	1005		
200610701			1	1005		
200610702			1	1005		
200610703			1	1005		
200610801	200610802		1	1005		
200610802	200610803		1	1005		
200610803			1	1005		
200610901	200610902		1	1537		
200610902	200610903		1	1537		
200610903	200610904		1	1537		
200610904			1	1537		
200611001	200611002		1	1537		
200611002	200611003		1	1537		
200611003	200611004	1	2			
200611004	200611005		1	1537		
200611005	200611006		1	1537		
200611006	200611007		1	1537		
200611007	200611008		1	1537		
200611008			1	1537		
200620101	200620102		1	1604		
200620102	200620103	1	2			
200620103	200620104		1	1604		
200620104	200620105		1	1604		
200620105	200620106		1	1604		
200620106	200620107		1	1604		
200620107	200620108		1	1604		
200620108	200620109		1	1604		
200620109	200620110		1	1604		
200620110	200620111,200620112		1	1604		
200620111	200620113		2			
200620112	200620115		2			
200620113	200620114		1	1604		
200620114			1	1604		
200620115	200620116		1	1604		
200620116	200620117		1	1604		
200620117			1	1604		
200620201	200620202		1	1604		
200620202	200620203	1	2			
200620203	200620204		1	1604		
200620204	200620205		1	1604		
200620205			1	1604		
200620301	200620302		1	1604		
200620302	200620303	1	2			
200620303	200620304		1	1604		
200620304	200620305		1	1604		
200620305	200620306		1	1604		
200620306	200620307		1	1604		
200620307	200620308		1	1604		
200620308			1	1604		
200620401	200620402		1	1604		
200620402	200620403	1	2			
200620403	200620404		1	1604		
200620404	200620405		1	1604		
200620405	200620406		1	1604		
200620406	200620407		1	1604		
200620407			1	1604		
200620501	200620502		1	1605		
200620502	200620503	1	2			
200620503	200620504		1	1605		
200620504	200620505		1	1605		
200620505	200620506		1	1605		
200620506			1	1605		
200620601	200620602		1	1605		
200620602	200620603		1	1605		
200620603			1	1605		
200620701	200620702		1	1605		
200620702	200620703		1	1605		
200620703			1	1605		
200640101	200640102		1	1605		
200640102			1	1605		
200630101	200630102		1	141301		
200630102	200630103	1	2			
200630103	200630104		1	141301		
200630104	200630105		1	141301		
200630105	200630106		1	141301		
200630106	200630107		1	141301		
200630107	200630108		1	141301		
200630108	200630109		1	141301		
200630109	200630110,200630112		1	141301		
200630110	200630111		2			
200630111			1	141301		
200630112	200630113		2			
200630113	200630114		1	141301		
200630114	200630115		1	141301		
200630115	200630116		1	141301		
200630116			1	141301		
200630201	200630202		1	141301		
200630202	200630203	1	2			
200630203	200630204		1	141301		
200630204	200630205		1	141301		
200630205	200630206		1	141301		
200630206	200630207		1	141301		
200630207	200630208,200630210		1	141301		
200630208	200630209		2			
200630209			1	141301		
200630210	200630211		2			
200630211	200630212		1	141301		
200630212	200630213		1	141301		
200630213	200630214		1	141301		
200630214			1	141301		
200630301	200630302		1	141301		
200630302	200630303	1	2			
200630303	200630304		1	141301		
200630304	200630305		1	141301		
200630305	200630306		1	141301		
200630306	200630307		1	141301		
200630307	200630308		1	141301		
200630308	200630309,200630311		1	141301		
200630309	200630310		2			
200630310			1	141301		
200630311	200630312		2			
200630312	200630313		1	141301		
200630313	200630314		1	141301		
200630314	200630315		1	141301		
200630315	200630316		1	141301		
200630316	200630317		1	141301		
200630317			1	141301		
200630601	200630602		1	141301		
200630602	200630603		1	141301		
200630603			1	141301		
200630801	200630802		1	141301		
200630802	200630803		1	141301		
200630803	200630804		1	141301		
200630804	200630805		1	141301		
200630805	200630806		1	141301		
200630806	200630807		1	141301		
200630807			1	141301		
200631001	200631002		1	141301		
200631002	200631003		1	141301		
200631003	200631004		1	141301		
200631004			1	141301		
200630701	200630702		1	1005		
200630702	200630703		1	1005		
200630703			1	1005		
200630901	200630902		1	1005		
200630902	200630903		1	1005		
200630903			1	1005		
200631101	200631102		1	1005		
200631102	200631103		1	1005		
200631103			1	1005		
200630401	200630402		1	1005		
200630402			1	1005		
200630501	200630502		1	1005		
200630502			1	1005		
200631501	200630602		1	1005		
200631502			1	1005		
200631201	200631202		1	141101		
200631202	200631203		1	141301		
200631203	200631204	1	2			
200631204	200631205		1	141301		
200631205	200631206		1	141301		
200631206	200631207		1	141301		
200631207	200631208		1	141101		
200631208	200631209		1	141301		
200631209			1	141101		
200631301	200631302		1	140901		
200631302	200631303		1	141301		
200631303	200631304	1	2			
200631304	200631305		1	141301		
200631305	200631306		1	141301		
200631306	200631307		1	141301		
200631307	200631308		1	140901		
200631308	200631309		1	1005		
200631309	200631310		1	141301		
200631310			1	141101		
200631601	200631602		1	140901		
200631602	200631603	1	2			
200631603	200631604		1	140901		
200631604	200631605		1	140901		
200631605	200631606		1	140901		
200631606	200631607		1	140901		
200631607	200631608		1	140901		
200631608			1	140901		
200631401	200631402		1	141101		
200631402	200631403		1	141301		
200631403	200631404	1	2			
200631404	200631405		1	141301		
200631405	200631406		1	141301		
200631406	200631407		1	141101		
200631407	200631408		1	141301		
200631408			1	141101		
200650101	200650102		1	1605		
200650102	200650103	1	2			
200650103	200650104		1	1605		
200650104	200650105		1	1605		
200650105	200650106		1	1605		
200650106	200650107		1	1605		
200650107			1	1605		
200650108	200650109,200650110		1	1605		
200650109	200650111		2			
200650110	200650113		2			
200650111	200650112		1	1605		
200650112	200650115		1	1605		
200650113	200650114		1	1605		
200650114	200650115		1	1605		
200650115			1	1605		
200650201	200650202		1	1605		
200650202	200650203	1	2			
200650203	200650204		1	1605		
200650204	200650205		1	1605		
200650205	200650206		1	1605		
200650206			1	1605		
200650301	200650302		1	1605		
200650302	200650303		1	1605		
200650303			1	1605		
200660101	200660102		1	1605		
200660102	200660103	1	2			
200660103	200660104		1	1605		
200660104	200660105		1	1605		
200660105	200660106		1	1605		
200660106	200660107		1	1605		
200660107	200660108,200660109		1	1605		
200660108	200660110		2			
200660109	200660112		2			
200660110	200660111		1	1605		
200660111	200660114		1	1605		
200660112	200660113		1	1605		
200660113	200660114		1	1605		
200660114	200660115		1	1605		
200660115			1	1605		
200660201	200660202		1	1605		
200660202	200660203	1	2			
200660203	200660204		1	1605		
200660204	200660205		1	1605		
200660205	200660206		1	1605		
200660206			1	1605		
200660301	200660302		1	1605		
200660302	200660303		1	1605		
200660303			1	1605		
200300101	200300102		1	1512		
200300102	200300103		1	1005		
200300103	200300104		1	1512		
200300104	200300105		1	1512		
200300105	200300106		1	1005		
200300106	200300107		1	1005		
200300107	200300108		1	1512		
200300108	200300109		1	1512		
200300109	200300110		1	1512		
200300110	200300111		1	1005		
200300111	200300112		1	1512		
200300112	200300113,200300114		1	1512		
200300113	200300116		2			
200300114	200300115		2			
200300115	200300116		1	1512		
200300116	200300117		1	1512		
200300117	200300118		1	1512		
200300118		1	2			
200300201	200300202		1	1512		
200300202	200300203,200300205		1	1512		
200300203	200300204		2			
200300204	200300207		1	1512		
200300205	200300206		2			
200300206	200300207		1	1512		
200300207	200300208		1	1512		
200300208	200300209		1	1512		
200300209	200300210		1	1512		
200300210	200300211		1	1512		
200300211	200300212		1	1512		
200300212	200300213		1	1005		
200300213	200300214		1	1512		
200300214	200300215		1	1512		
200300215	200300216		1	1512		
200300216			1	1512		
200300301	200300302		1	1005		
200300302			1	1005		
200310101	200310102		1	1512		
200310102	200310103,200310105		1	1512		
200310103	200310104		2			
200310104	200310107		1	1512		
200310105	200310106		2			
200310106	200310107		1	1512		
200310107	200310108		1	1512		
200310108	200310109		1	1512		
200310109	200310110		1	1512		
200310110	200310111		1	1005		
200310111	200310112		1	1512		
200310112	200310113		1	1512		
200310113	200310114		1	1512		
200310114	200310115,200310117		1	1512		
200310115	200310116		2			
200310116	200310119		1	1512		
200310117	200310118		2			
200310118	200310119		1	1512		
200310119			1	1512		
200310201	200310202		1	1512		
200310202	200310203		1	1512		
200310203			1	1512		
200310301	200310302		1	1005		
200310302	200310303		1	1512		
200310303	200310304		1	1512		
200310304	200310305		1	1512		
200310305	200310306		1	1512		
200310306	200310307,200310309		1	1512		
200310307	200310308		2			
200310308	200310312		1	1512		
200310309	200310310		2			
200310310	200310311		1	1512		
200310311	200310312		1	1512		
200310312	200310313		1	1512		
200310313			1	1512		
200310401	200310402		1	1512		
200310402	200310403,200310406		1	1512		
200310403	200310404		1	1512		
200310404	200310405		1	1512		
200310405	200310408		1	1512		
200310406	200310407		1	1512		
200310407	200310408		1	1512		
200310408	200310409		1	1512		
200310409	200310410		1	1512		
200310410	200310411		1	1512		
200310411			1	1512		
200310501	200310502		1	1005		
200310502	200310503		1	1512		
200310503	200310504		1	1512		
200310504	200310505		1	1512		
200310505	200310506		1	1512		
200310506	200310507,200310509		1	1512		
200310507	200310508		2			
200310508	200310512		1	1512		
200310509	200310510		2			
200310510	200310511		1	1512		
200310511	200310512		1	1512		
200310512	200310513		1	1512		
200310513			1	1512		
200330101	200330102		1	1479		
200330102	200330103		1	1479		
200330103			2			
200010301			1	20005		0.1
200010401	200010601		2			0.1
200010501	200010701		2			0.1
200010601	200010602		1	20005		0.1
200010602			1	20005		0.1
200010701	200010702		1	20005		0.1
200010702			1	20005		0.1
200010801			1	20005		0.1
201013501			1	1512		
201013601	201013602		1	1512		
201013602			1	1512		
201013701	201013702	1	2			
201013702			1	1512		
201013801	201013802		1	1512		
201013802			1	1512		
201013901			1	1512		
201014001			1	1512		
201014101			1	1512		
201014201			1	1512		
201014301			1	1512		0.1
205010501	205010502		1	141301	0.2	
205010502	205010503	1	2		0.2	
205010503	205010504		1	141301	0.2	
205010504	205010505,205010507		1	141301	0.2	
205010505	205010506		2		0.2	
205010506	205010509		1	141301	0.2	
205010507	205010508		2		0.2	
205010508	205010509		1	141301	0.2	
205010509	205010510,205010511		1	141301	0.2	
205010510	205010512		2		0.2	
205010511	205010512		2		0.2	
205010512	205010513		1	141301	0.2	
205010513	205010514		1	141301	0.2	
205010514	205010515		1	141301	0.2	
205010515	205010516		1	141301	0.2	
205010516	205010517		1	1005	0.2	
205010517	205010518		1	141301	0.2	
205010518	205010519		1	1005	0.2	
205010519	205010520		1	141301	0.2	
205010520	205010521		1	1005	0.2	
205010521	205010522	1	2		0.2	
205010522	205010523		1	141301	0.2	
205010523	205010524		1	141301	0.2	
205010524	205010525	1	2		0.2	
205010525	205010526		1	141301	0.2	
205010526	205010527		1	141301	0.2	
205010527	205010528		1	141301	0.2	
205010528			1	141301		
205010901	205010902		1	1512	0.2	
205010902	205010903,205010905		1	1512	0.2	
205010903	205010904		2		0.2	
205010904	205010907		1	1512	0.2	
205010905	205010906		2		0.2	
205010906	205010907		1	1512	0.2	
205010907	205010908		1	1512	0.2	
205010908	205010909		1	1512	0.2	
205010909	205010910		1	1512	0.2	
205010910	205010911		1	1005	0.2	
205010911	205010912		1	1512	0.2	
205010912	205010913		1	1512	0.2	
205010913	205010914		1	1512		
205010914	205010915	1	2		0.2	
205010915			1	1512	0.2	
205030101			1	1005		
205030102			1	1005		
205030201	205030202,205030204		1	1417		
205030202	205030203		2			
205030203	205030207		1	1417		
205030204	205030205		2			
205030205	205030206		1	1005		
205030206	205030207		1	1417		
205030207	205030208		1	1005		
205030208	205030209		1	1417		
205030209	205030210,205030212		1	1417		
205030210	205030211		2			
205030211	205030214		1	1417		
205030212	205030213		2			
205030213	205030214		1	1417		
205030214	205030215		1	1417		
205030215	205030216		1	1417		
205030216	205030217	1	2			
205030217			1	1417		
205030301			1	1005		
205030401			1	1005		
205030501	205030502,205030503		1	1417		
205030502	205030504		2			
205030503	205030504		2			
205030504	205030505		1	1417		
205030505	205030506		1	1417		
205030506		1	1	1417		
205030601	205030602		1	1417		
205030602	205030603		1	1417		
205030603	205030604	1	2			
205030604	205030605		1	1417		
205030605	205030606		1	1417		
205030606			1	1417		
205030607			1	1005		
205030608			1	1005		
205040101	205040102		1	1435		
205040102	205040103		1	1005		
205040103	205040104		1	1435		
205040104	205040105,205040106		1	1435		
205040105	205040107		2			
205040106	205040107		2			
205040107	205040108		1	1435		
205040108	205040109		1	1435		
205040109	205040110,205040112		1	1435		
205040110	205040111		2			
205040111	205040114		1	1435		
205040112	205040113		2			
205040113	205040114		1	1435		
205040114	205040115		1	1435		
205040115		1	2			
205040201			1	1005		
205040202			1	1005		
205040301	205040302		1	1435		
205040302	205040303	1	2			
205040303	205040304		1	1005		
205040304	205040305		1	1435		
205040305	205040306		1	1435		
205040306	205040307,205040309		1	1435		
205040307	205040308		2			
205040308	205040312		1	1435		
205040309	205040310		2			
205040310	205040311		1	1005		
205040311	205040312		1	1435		
205040312	205040313		1	1435		
205040313			1	1435		
205050101	205050102,205050104		1	1512		
205050102	205050103		2			
205050103	205050106		1	1512		
205050104	205050105		2			
205050105	205050106		1	1512		
205050106	205050107		1	1512		
205050107	205050108		1	1512		
205050108	205050109		1	1005		
205050109	205050110		1	1512		
205050110	205050111		1	1512		
205050111	205050112,205050114		1	1512		
205050112	205050113		2			
205050113	205050117		1	1512		
205050114	205050115		2			
205050115	205050116		1	1512		
205050116	205050117		1	1512		
205050117	205050118		1	1512		
205050118	205050119	1	2			
205050119	205050120		1	1512		
205050120	205050121		1	1512		
205050121	205050122		1	1512		
205050122	205050123,205050125		1	1005		
205050123	205050124		2			
205050124	205050127		1	1512		
205050125	205050126		2			
205050126	205050127		1	1512		
205050127	205050128		1	1512		
205050128		1	2			
205050201	205050202		1	1512		
205050202	205050203		1	1512		
205050203	205050204		1	1512		
205050204	205050205		1	1005		
205050205	205050206		1	1512		
205050206			1	1512		
205060101	205060102		1	1587		
205060102	205060103	1	2			
205060103	205060104		1	1587		
205060104	205060105		1	1587		
205060105	205060106		1	1587		
205060106	205060107		1	1005		
205060107	205060108,205060109		1	1587		
205060108	205060110		2			
205060109	205060110		2			
205060110	205060111		1	1587		
205060111		1	2			
205060201	205060202		1	1005		
205060202	205060203		1	1587		
205060203	205060204		1	1587		
205060204	205060205,205060207		1	1587		
205060205	205060206		2			
205060206	205060210		1	1587		
205060207	205060208		2			
205060208	205060209		1	1005		
205060209	205060210		1	1587		
205060210	205060211		1	1587		
205060211	205060212		1	1587		
205060212	205060213,205060215		1	1587		
205060213	205060214		2			
205060214	205060218		1	1587		
205060215	205060216		2			
205060216	205060217		1	1005		
205060217	205060218		1	1587		
205060218			1	1587		
205080101			1	1005		
205080102			1	1005		
1016140100			1	1401		
1016140101			1	1401		
1016140300			1	1403		
1016140301			1	1403		
1016140302			1	1403		
1016140500			1	1405		
1016140501			1	1405		
1016140800			1	1408		
1016140801			1	1408		
1016140900			1	1409		
1016140901			1	1409		
1016140902			1	1410		
1016141100			1	1411		
1016141101			1	1411		
1016141300			1	1413		
1016141301			1	1413		
1016141302			1	1414		
1016141700			1	1417		
1016141701			1	1417		
1016141900			1	1419		
1016141901			1	1419		
1016142100			1	1421		
1016142101			1	1421		
1016142300			1	1423		
1016142301			1	1423		
1016142500			1	1425		
1016142501			1	1425		
1016142700			1	1427		
1016142701			1	1427		
1016142900			1	1429		
1016142901			1	1429		
1016143100			1	1431		
1016143101			1	1431		
1016143300			1	1433		
1016143301			1	1433		
1016143500			1	1435		
1016143501			1	1435		
1016143700			1	1437		
1016143701			1	1437		
1016143900			1	1439		
1016143901			1	1439		
1016144100			1	1441		
1016144300			1	1443		
1016144301			1	1443		
1016144302			1	1443		
1016144303			1	1443		
1016145100			1	1451		
1016145101			1	1451		
1016145300			1	1453		
1016146100			1	1461		
1016146300			1	1463		
1016146301			1	1463		
1016146500			1	1465		
1016146700			1	1467		
1016146701			1	1467		
1016146900			1	1469		
1016146901			1	1469		
1016147100			1	1471		
1016147101			1	1471		
1016147300			1	1473		
1016147301			1	1473		
1016147500			1	1475		
1016147700			1	1477		
1016147900			1	1479		
1016147901			1	1479		
1016151200			1	1512		
1016151201			1	1512		
1016151700			1	1517		
1016151701			1	1517		
1016151900			1	1519		
1016151901			1	1519		
1016152100			1	1521		
1016152300			1	1523		
1016152500			1	1525		
1016152700			1	1527		
1016152701			1	1527		
1016152900			1	1529		
1016153100			1	1531		
1016153300			1	1533		
1016153301			1	1533		
1016153500			1	1535		
1016153700			1	1537		
1016153701			1	1537		
1016153702			1	1537		
1016153703			1	1537		
1016153900			1	1539		
1016153901			1	1539		
1016154100			1	1541		
1016154300			1	1543		
1016154301			1	1543		
1016154302			1	1543		
1016154500			1	1545		
1016154700			1	1547		
1016154701			1	1547		
1016154900			1	1549		
1016155100			1	1551		
1016155300			1	1553		
1016155301			1	1553		
1016155500			1	1555		
1016155700			1	1557		
1016155900			1	1559		
1016156100			1	1561		
1016156101			1	1561		
1016156300			1	1563		
1016156301			1	1563		
1016156500			1	1565		
1016156900			1	1569		
1016157400			1	1574		
1016157700			1	1577		
1016157800			1	1578		
1016158100			1	1581		
1016158300			1	1583		
1016158500			1	1585		
1016158700			1	1587		
1016158900			1	1589		
1016158901			1	1589		
1016159100			1	1591		
1016159101			1	1591		
1016159200			1	1592		
1016159300			1	1593		
1016159500			1	1595		
1016159600			1	1596		
1016159700			1	1597		
1016159800			1	1598		
1016159900			1	1599		
1016160000			1	1600		
1016160100			1	1601		
1016160200			1	1602		
1016160201			1	1602		
1016160400			1	1604		
1016160401			1	1604		
1016160500			1	1605		
1016160501			1	1605		
1016160600			1	1606		
1016160601			1	1606		
1016160700			1	1607		
1016160800			1	1608		
1016160801			1	1608		
1016163000			1	1630		
1016163100			1	1631		
1016163200			1	1632		
