台词ID	下一句台词ID	显示类型	[对话角色]类型	[对话角色]ID	$#VersionBegin	$#VersionEnd
615170101			1	1517		
615170201	615170202		2			
615170202	615170203		1	1517		
615170203	615170204		1	1517		
615170204	615170205		1	1517		
615170205	615170206		1	1517		
615170206	615170207	1	2			
615170207	615170208		1	1517		
615170208	615170209		1	1517		
615170209	615170210		1	1517		
615170210	615170211		1	1517		
615170211			1	1517		
615170301	615170302		2			
615170302	615170303		1	1517		
615170303	615170304		1	1517		
615170304	615170305		1	1517		
615170305			1	1517		
615170401	615170402		2			
615170402	615170403		1	1517		
615170403			1	1517		
615190101	615190102		1	1519		
615190102			1	1519		
615190201	615190202		2			
615190202	615190203		1	1519		
615190203	615190204		1	1519		
615190204			1	1519		
615190301	615190302		2			
615190302	615190303		1	1519		
615190303	615190304		1	1519		
615190304	615190305		1	1519		
615190305	615190306		1	1519		
615190306			1	1519		
615190401	615190402		2			
615190402	615190403		1	1519		
615190403			1	1519		
615190501			1	1519		
615190601	615190602		2			
615190602	615190603		1	1519		
615190603	615190604		1	1519		
615190604			1	1519		
615210101	615210102		1	1521		
615210102			1	1521		
615210201	615210202		2			
615210202	615210203		1	1521		
615210203	615210204		1	1521		
615210204	615210205,615210209		1	1521		
615210205	615210206		2			
615210206	615210207		1	1521		
615210207	615210208		1	1521		
615210208			1	1521		
615210209	615210210		2			
615210210	615210211		1	1521		
615210211	615210212		1	1521		
615210212	615210213		1	1521		
615210213			1	1521		
615210301	615210302		2			
615210302	615210303		1	1521		
615210303	615210304		1	1521		
615210304	615210305		1	1521		
615210305			1	1521		
615210401	615210402		2			
615210402	615210403		1	1521		
615210403			1	1521		
615230101	615230102		1	1523		
615230102	615230103		1	1523		
615230103			1	1523		
615230201	615230202		2			
615230202	615230203		1	1523		
615230203	615230204,615230209		1	1523		
615230204	615230205		2			
615230205	615230206		1	1523		
615230206	615230207		1	1523		
615230207	615230208		1	1523		
615230208			1	1523		
615230209	615230210		2			
615230210	615230211		1	1523		
615230211	615230212		1	1523		
615230212	615230213		1	1523		
615230213	615230214		1	1523		
615230214			1	1523		
615230301	615230302		2			
615230302	615230303		1	1523		
615230303			1	1523		
615250101	615250102		1	1525		
615250102			1	1525		
615250201	615250202		2			
615250202	615250203		1	1525		
615250203	615250204,615250210		1	1525		
615250204	615250205		2			
615250205	615250206		1	1525		
615250206	615250207	1	2			
615250207	615250208		1	1525		
615250208	615250209		1	1525		
615250209			1	1525		
615250210	615250211		2			
615250211	615250212		1	1525		
615250212	615250213		1	1525		
615250213	615250214		1	1525		
615250214			1	1525		
615250301	615250302		2			
615250302	615250303		1	1525		
615250303			1	1525		
615270101			1	1527		
615270201	615270202		2			
615270202	615270203		1	1527		
615270203	615270204		1	1527		
615270204	615270205,615270211		1	1527		
615270205	615270206		2			
615270206	615270207		1	1527		
615270207	615270208		1	1527		
615270208	615270209		1	1527		
615270209	615270210		1	1527		
615270210			1	1527		
615270211	615270212		2			
615270212	615270213		1	1527		
615270213	615270214		1	1527		
615270214	615270215		1	1527		
615270215	615270216		1	1527		
615270216	615270217		1	1527		
615270217	615270218		1	1527		
615270218	615270219		1	1527		
615270219			1	1527		
615270301	615270302		2			
615270302			1	1527		
615290101			1	1529		
615290201	615290202		2			
615290202	615290203		1	1529		
615290203	615290204		1	1529		
615290204	615290205,615290209		1	1529		
615290205	615290206		2			
615290206	615290207		1	1529		
615290207	615290208		1	1529		
615290208			1	1529		
615290209	615290210		2			
615290210	615290211		1	1529		
615290211	615290212		1	1529		
615290212			1	1529		
615290301	615290302		1	1529		
615290302	615290303		1	1529		
615290303			1	1529		
615310101			1	1531		
615310201	615310202		2			
615310202	615310203		1	1531		
615310203	615310204		1	1531		
615310204			1	1531		
615310301	615310302		2			
615310302	615310303		1	1531		
615310303	615310304		1	1531		
615310304	615310305	1	2			
615310305	615310306		1	1531		
615310306	615310307		1	1531		
615310307			1	1531		
615310401	615310402		2			
615310402			1	1531		
615350101			1	1535		
615350201	615350202		2			
615350202	615350203		1	1535		
615350203	615350204		1	1535		
615350204	615350205		1	1535		
615350205			1	1535		
615350301	615350302		2			
615350302	615350303		1	1535		
615350303	615350304		1	1535		
615350304	615350305		1	1535		
615350305			1	1535		
615350401	615350402		2			
615350402			1	1535		
615390101			1	1539		
615390201	615390202		2			
615390202	615390203		1	1539		
615390203			1	1539		
615390301	615390302		2			
615390302	615390303		1	1539		
615390303	615390304,615390307		1	1539		
615390304	615390305		2			
615390305	615390306		1	1539		
615390306			1	1539		
615390307	615390308		2			
615390308	615390309		1	1539		
615390309	615390310		1	1539		
615390310			1	1539		
615390401	615390402		2			
615390402			1	1539		
615410101			1	1541		
615410201	615410202		2			
615410202			1	1541		
615410301	615410302		2			
615410302	615410303		1	1541		
615410303	615410304		1	1541		
615410304	615410305		1	1541		
615410305			1	1541		
615410401	615410402		2			
615410402			1	1541		
615430101			1	1543		
615430201	615430202		2			
615430202	615430203		1	1543		
615430203			1	1543		
615430301	615430302		2			
615430302	615430303		1	1543		
615430303	615430304		1	1543		
615430304	615430305		1	1543		
615430305	615430306	1	2			
615430306			1	1543		
615430401	615430402		2			
615430402			1	1543		
615430501			1	1543		
615430601	615430602		2			
615430602	615430603		1	1543		
615430603			1	1543		
615430701	615430702		2			
615430702	615430703		1	1543		
615430703	615430704		1	1543		
615430704			1	1543		
615430801	615430802		2			
615430802	615430803		1	1543		
615430803			1	1543		
615450101			1	1545		
615450201	615450202		2			
615450202	615450203		1	1545		
615450203	615450204	1	2			
615450204			1	1545		
615450301	615450302		2			
615450302			1	1545		
615470101			1	1547		
615470201	615470202		2			
615470202	615470203		1	1547		
615470203	615470204,615470208		1	1547		
615470204	615470205		2			
615470205	615470206		1	1547		
615470206	615470207		1	1547		
615470207			1	1547		
615470208	615470209		2			
615470209	615470210		1	1547		
615470210	615470211		1	1547		
615470211			1	1547		
615470301	615470302		2			
615470302			1	1547		
615530101	615530102		1	1553		
615530102			1	1553		
615530201	615530202		2			
615530202	615530203		1	1553		
615530203	615530204		1	1553		
615530204	615530205,615530217		1	1553		
615530205	615530206		2			
615530206	615530207		1	1553		
615530207	615530208		1	1553		
615530208	615530209		1	1553		
615530209	615530210		1	1553		
615530210	615530211	1	2			
615530211	615530212		1	1553		
615530212	615530213		1	1553		
615530213	615530214		1	1553		
615530214	615530215		1	1553		
615530215	615530216		1	1553		
615530216			1	1553		
615530217	615530218		2			
615530218	615530219		1	1553		
615530219	615530220		1	1553		
615530220			1	1553		
615530301	615530302		2			
615530302			1	1553		
615550101			1	1555		
615550201	615550202		2			
615550202	615550203		1	1555		
615550203	615550204		1	1555		
615550204	615550205		1	1555		
615550205	615550206	1	2			
615550206	615550207		1	1555		
615550207	615550208,615550210		1	1555		
615550208	615550209		2			
615550209			1	1555		
615550210	615550211		2			
615550211	615550212		1	1555		
615550212	615550213		1	1555		
615550213	615550214		1	1555		
615550214	615550215		1	1555		
615550215			1	1555		
615550301	615550302		2			
615550302	615550303		1	1555		
615550303	615550304		1	1555		
615550304			1	1555		
615550401	615550402		2			
615550402			1	1555		
615610101			1	1561		
615610201	615610202		2			
615610202	615610203		1	1561		
615610203	615610204		1	1561		
615610204			1	1561		
615610301	615610302		2			
615610302	615610303		1	1561		
615610303	615610304		1	1561		
615610304			1	1561		
615610401	615610402		2			
615610402			1	1561		
615670101			1	1567		
615670201	615670202		2			
615670202	615670203		1	1567		
615670203	615670204		1	1567		
615670204			1	1567		
615670301	615670302		2			
615670302	615670303		1	1567		
615670303			1	1567		
615670401	615670402		2			
615670402			1	1567		
615690101			1	1569		
615690201	615690202		2			
615690202	615690203		1	1569		
615690203	615690204		1	1569		
615690204	615690205		1	1569		
615690205	615690206		1	1569		
615690206			1	1569		
615690301	615690302		2			
615690302			1	1569		
615490101			1	1549		
615490201			1	1549		
615490301	615490302		2			
615490302	615490303		1	1549		
615490303	615490304,615490309		1	1549		
615490304	615490305		2			
615490305	615490306		1	1549		
615490306	615490307		1	1549		
615490307	615490308		1	1549		
615490308			1	1549		
615490309	615490310		2			
615490310	615490311		1	1549		
615490311	615490312		1	1549		
615490312			1	1549		
615490401	615490402		2			
615490402			1	1549		
615490403			1	1549		
615330101			1	1533		
615330201			1	1533		
615330301	615330302		2			
615330302	615330303		1	1533		
615330303	615330304		1	1533		
615330304	615330305		1	1533		
615330305	615330306		1	1533		
615330306			1	1533		
615330401	615330402		2			
615330402	615330403		1	1533		
615330403	615330404		1	1533		
615330404	615330405		1	1533		
615330405			1	1533		
615330501	615330502		2			
615330502	615330503		1	1533		
615330503	615330504		1	1533		
615330504	615330505		1	1533		
615330505	615330506		1	1533		
615330506			1	1533		
615330601	615330602		2			
615330602			1	1533		
615370101			1	1537		
615370201	615370202		2			
615370202	615370203		1	1537		
615370203	615370204		1	1537		
615370204			1	1537		
615370301	615370302		2			
615370302	615370303		1	1537		
615370303	615370304		1	1537		
615370304	615370305		1	1537		
615370305			1	1537		
615370401	615370402		2			
615370402			1	1537		
615370501	615370502		1	1537		
615370502			1	1537		
615370601	615370602		2			
615370602	615370603		1	1537		
615370603	615370604		1	1537		
615370604			1	1537		
615370701	615370702		2			
615370702	615370703		1	1537		
615370703	615370704		1	1537		
615370704	615370801		1	1537		
615370801	615370802	1	2			
615370802			1	1537		
615370901	615370902		2			
615370902			1	1537		
615630101			1	1563		
615630201	615630202		2			
615630202	615630203		1	1563		
615630203	615630204,615630206,615630232		1	1563		
615630204	615630205		2			
615630205	615630218,615630224,615630228		1	1563		
615630206	615630207		2			
615630207	615630208		1	1563		
615630208	615630209		1	1563		
615630209			1	1563		
615630218	615630219		2			
615630219	615630220		1	1563		
615630220	615630221		1	1563		
615630221	615630222		1	1563		
615630222	615630223		1	1563		
615630223			1	1563		
615630224	615630225		2			
615630225	615630226		1	1563		
615630226	615630227		1	1563		
615630227			1	1563		
615630228	615630229		2			
615630229	615630230		1	1563		
615630230	615630231		1	1563		
615630231			1	1563		
615630232	615630233		2			
615630233	615630234		1	1563		
615630234			1	1563		
615630301	615630302		2			
615630302	615630303		1	1563		
615630303	615630204,615630206,615630304		1	1563		
615630304	615630305		2			
615630305	615630306		1	1563		
615630306	615630307		1	1563		
615630307	615630308		1	1563		
615630308			1	1563		
615630401	615630402	1	2			
615630402			1	1563		
615590101	615590102		1	1559		
615590102			1	1559		
615590201			1	1559		
615590301	615590302		2			
615590302	615590303		1	1559		
615590303			1	1559		
615590401	615590402		2			
615590402	615590403		1	1559		
615590403	615590404		1	1559		
615590404			1	1559		
615590501	615590502	1	2			
615590502			1	1559		
615570101			1	1557		
615570201	615570202		2			
615570202	615570203		1	1557		
615570203	615570204		1	1557		
615570204	615570205	1	2			
615570205	615570206		1	1557		
615570206	615570207		1	1557		
615570207	615570208		1	1557		
615570208	615570209		1	1557		
615570209	615570210		1	1557		
615570210			1	1557		
615570301	615570302		2			
615570302			1	1557		
615510101			1	1551		
615510201	615510202		2			
615510202	615510203		1	1551		
615510203	615510204		1	1551		
615510204			1	1551		
615510301	615510302		2			
615510302	615510303		1	1551		
615510303	615510304		1	1551		
615510304	615510305		1	1551		
615510305	615510306	1	2			
615510306	615510307		1	1551		
615510307	615510308		1	1551		
615510308	615510309		1	1551		
615510309			1	1551		
615510401	615510402		2			
615510402			1	1551		
615650101			1	1565		
615650201	615650202		2			
615650202	615650203		1	1565		
615650203	615650204		1	1565		
615650204	615650205	1	2			
615650205	615650206		1	1565		
615650206	615650207		1	1565		
615650207	615650208		1	1565		
615650208	615650209	1	2			
615650209			1	1565		
615650301	615650302		2			
615650302	615650303		1	1565		
615650303			1	1565		
615650401	615650402		2			
615650402	615650403		1	1565		
615650403			1	1565		
615890101			1	1589		
615890201	615890202		2			
615890202	615890203		1	1589		
615890203	615890204		1	1589		
615890204	615890205,615890209		1	1589		
615890205	615890206		2			
615890206	615890207		1	1589		
615890207	615890208		1	1589		
615890208			1	1589		
615890209	615890210		2			
615890210	615890211		1	1589		
615890211	615890212		1	1589		
615890212			1	1589		
615890301	615890302		2			
615890302			1	1589		
615910101			1	1591		
615910201	615910202		2			
615910202	615910203		1	1591		
615910203	615910204		1	1591		
615910204	615910205,615910210		1	1591		
615910205	615910206		2			
615910206	615910207		1	1591		
615910207	615910208		1	1591		
615910208	615910209		1	1591		
615910209			1	1591		
615910210	615910211		2			
615910211	615910212		1	1591		
615910212	615910213		1	1591		
615910213			1	1591		
615910301	615910302		2			
615910302			1	1591		
615920101			1	1592		
615920201	615920202		2			
615920202	615920203		1	1592		
615920203	615920204		1	1592		
615920204	615920205,615920208		1	1592		
615920205	615920206		2			
615920206	615920207		1	1592		
615920207			1	1592		
615920208	615920209		2			
615920209	615920210		1	1592		
615920210	615920211		1	1592		
615920211	615920212		1	1592		
615920212	615920213	1	2			
615920213	615920214		1	1592		
615920214	615920215		1	1592		
615920215	615920216		1	1592		
615920216			1	1592		
615920301	615920302		2			
615920302			1	1592		
615950101	615950102		1	1596		
615950102	615950103		1	1595		
615950103	615950104		1	1596		
615950104	615950105		1	1595		
615950105	615950106		1	1596		
615950106	615950107		1	1596		
615950107	615950108		1	1595		
615950108	615950109		1	1596		
615950109	615950110		1	1596		
615950110	615950111		1	1595		
615950111	615950112		1	1596		
615950112	615950113		1	1596		
615950113			1	1596		
615960101	615960102		1	1596		
615960102	615960103		1	1595		
615960103	615960104		1	1595		
615960104	615960105		1	1595		
615960105	615960106		1	1596		
615960106	615960107		1	1595		
615960107	615960108		1	1595		
615960108	615960109		1	1596		
615960109			1	1595		
615810101			1	1581		
615810201	615810202		2			
615810202	615810203		1	1581		
615810203			1	1581		
615810301	615810302		2			
615810302	615810303		1	1581		
615810303	615810304		1	1581		
615810304	615810305		1	1581		
615810305	615810306,615810310		1	1581		
615810306	615810307		2			
615810307	615810308		1	1581		
615810308	615810309		1	1581		
615810309			1	1581		
615810310	615810311		2			
615810311	615810312		1	1581		
615810312	615810313		1	1581		
615810313	615810314		1	1581		
615810314			1	1581		
615810401	615810402		2			
615810402	615810403		1	1581		
615810403			1	1581		
615830101	615830102		1	1583		
615830102			1	1583		
615830201	615830202		2			
615830202	615830203		1	1583		
615830203			1	1583		
615830301	615830302		2			
615830302	615830303		1	1583		
615830303	615830304		1	1583		
615830304			1	1583		
615830401	615830402		2			
615830402			1	1583		
615850101	615850102		1	1585		
615850102			1	1585		
615850201	615850202		2			
615850202	615850203		1	1585		
615850203	615850204		1	1585		
615850204			1	1585		
615850301	615850302		2			
615850302	615850303		1	1585		
615850303	615850304		1	1585		
615850304	615850305		1	1585		
615850305	615850306		1	1585		
615850306	615850307		1	1585		
615850307	615850308		1	1585		
615850308	615850309		1	1585		
615850309	615850310	1	2			
615850310	615850311		1	1585		
615850311	615850312		1	1585		
615850312	615850313		1	1585		
615850313	615850314		1	1585		
615850314			1	1585		
615850401	615850402		2			
615850402			1	1585		
615870101			1	1587		
615870201	615870202		2			
615870202	615870203		1	1587		
615870203	615870204		1	1587		
615870204	615870205		1	1587		
615870205	615870206,615870211		1	1587		
615870206	615870207		2			
615870207	615870208		1	1587		
615870208	615870209		1	1587		
615870209	615870210		1	1587		
615870210			1	1587		
615870211	615870212		2			
615870212	615870213		1	1587		
615870213	615870214		1	1587		
615870214	615870215		1	1587		
615870215			1	1587		
615870301	615870302		2			
615870302	615870303		1	1587		
615870303	615870304		1	1587		
615870304	615870305		1	1587		
615870305	615870306	1	2			
615870306	615870307		1	1587		
615870307	615870308		1	1587		
615870308			1	1587		
615870401	615870402		2			
615870402			1	1587		
615870501	615870502		2			
615870502			1	1587		
614710101			1	1471		
614710201	614710202		2			
614710202	614710203		1	1471		
614710203	614710204		1	1471		
614710204			1	1471		
614710301	614710302		2			
614710302	614710303		1	1471		
614710303	614710304		1	1471		
614710304			1	1471		
614710401	614710402		2			
614710402	614710403		1	1471		
614710403			1	1471		
614730101	614730102		1	1473		
614730102			1	1473		
614730201	614730202		2			
614730202	614730203		1	1473		
614730203			1	1473		
614730301	614730302		2			
614730302	614730303		1	1473		
614730303	614730304		1	1473		
614730304	614730305		1	1473		
614730305	614730306		1	1473		
614730306	614730307	1	2			
614730307	614730308		1	1473		
614730308	614730309		1	1473		
614730309	614730310		1	1473		
614730310	614730311		1	1473		
614730311	614730312		1	1473		
614730312			1	1473		
614730401	614730402		2			
614730402	614730403		1	1473		
614730403			1	1473		
614610101			1	1461		
614610201	614610202		2			
614610202	614610203		1	1461		
614610203	614610204		1	1461		
614610204	614610205		1	1461		
614610205	614610206		1	1461		
614610206	614610207	1	2			
614610207	614610208		1	1461		
614610208	614610209		1	1461		
614610209	614610210		1	1461		
614610210	614610211		1	1461		
614610211			1	1461		
614610301	614610302		2			
614610302			1	1461		
614630101			1	1463		
614630201	614630202		2			
614630202	614630203		1	1463		
614630203	614630204		1	1463		
614630204			1	1463		
614630301	614630302		2			
614630302	614630303		1	1463		
614630303	614630304		1	1463		
614630304			1	1463		
614630401	614630402		2			
614630402			1	1463		
615120101			1	1512		
615120201	615120202		2			
615120202	615120203		1	1512		
615120203	615120204		1	1512		
615120204	615120205		1	1512		
615120205	615120206	1	2			
615120206	615120207		1	1512		
615120207	615120208		1	1512		
615120208			1	1512		
615120301	615120302		2			
615120302			1	1512		
614450101			1	1445		
614450201	614450202		2			
614450202	614450203		1	1445		
614450203			1	1445		
614450301	614450302		2			
614450302	614450303		1	1445		
614450303			1	1445		
614450401			1	1445		
614450501			1	1445		
614450601			1	1445		
614470101			1	1447		
614470201	614470202		2			
614470202	614470203		1	1447		
614470203			1	1447		
614470301	614470302		2			
614470302	614470303		1	1447		
614470303			1	1447		
614470401			1	1447		
614470501			1	1447		
614470601			1	1447		
614490101			1	1449		
614490201	614490202		2			
614490202	614490203		1	1449		
614490203	614490204		1	1449		
614490204			1	1449		
614490301	614490302		2			
614490302	614490303		1	1449		
614490401			1	1449		
614490501			1	1449		
614490601			1	1449		
614570101			1	1457		
614570201	614570202		2			
614570202	614570203		1	1457		
614570203	614570204		1	1457		
614570204			1	1457		
614570301	614570302		2			
614570302			1	1457		
614570401			1	1457		
614570501			1	1457		
614570601			1	1457		
614590101			1	1459		
614590201	614590202		2			
614590202			1	1459		
614590301	614590302		2			
614590302			1	1459		
614590401			1	1459		
614590501			1	1459		
614590601			1	1459		
615970101			1	1597		
615970201	615970202		2			
615970202			1	1597		
615970301	615970302		2			
615970302	615970303		1	1597		
615970303	615970304		1	1597		
615970304	615970305		1	1597		
615970305			1	1597		
615970401	615970402		2			
615970402			1	1597		
615980101			1	1598		
615980201	615980202		2			
615980202	615980203		1	1598		
615980203	615980204		1	1598		
615980204	615980205		1	1598		
615980205			1	1598		
615980301	615980302		2			
615980302	615980303		1	1598		
615980303	615980304		1	1598		
615980304			1	1598		
615980401	615980402		2			
615980402			1	1598		
615990101	615990102		1	1599		
615990102	615990103		1	1600		
615990103	615990104		1	1599		
615990104	615990105		1	1600		
615990105	615990106		1	1600		
615990106	615990107		1	1599		
615990107			1	1600		
616010101			1	1601		
616010201	616010202		2			
616010202	616010203		1	1601		
616010203	616010204		1	1601		
616010204			1	1601		
616010301	616010302		2			
616010302	616010303		1	1601		
616010303	616010304		1	1601		
616010304	616010305		1	1601		
616010305	616010306		1	1601		
616010306			1	1601		
616010401	616010402		2			
616010402			1	1601		
616020101	616020102		1	1602		
616020102			1	1602		
616020201	616020202		2			
616020202	616020203		1	1602		
616020203	616020204		1	1602		
616020204	616020205		1	1602		
616020205	616020206		1	1602		
616020206	616020207		1	1602		
616020207			1	1602		
616020301	616020302		2			
616020302	616020303		1	1602		
616020303	616020304		1	1602		
616020304	616020305		1	1602		
616020305	616020306		1	1602		
616020306	616020307		1	1602		
616020307			1	1602		
616020401	616020402		2			
616020402	616020403		1	1602		
616020403			1	1602		
4015140101	4015140102		1	1403		
4015140102	4015140103		1	1401		
4015140103	4015140104		1	1403		
4015140104	4015140105		1	1403		
4015140105	4015140106		1	1401		
4015140106	4015140107		1	1403		
4015140107	4015140108		1	1403		
4015140108	4015140109		1	1401		
4015140109	4015140110		1	1401		
4015140110			1	1403		
4015140199			1	1401		
4015140301	4015140302		1	1403		
4015140302	4015140303		1	1401		
4015140303	4015140304		1	1403		
4015140304	4015140305		1	1403		
4015140305	4015140306		1	1401		
4015140306	4015140307		1	1403		
4015140307	4015140308		1	1403		
4015140308	4015140309		1	1401		
4015140309	4015140310		1	1401		
4015140310			1	1403		
4015140399			1	1403		
4015140401	4015140402		1	1404		
4015140402	4015140403,4015140404,4015140406		1	1404		
4015140403	4015140407		2			
4015140404	4015140412		2			
4015140405	4015140417	1	2			
4015140406	4015140419		1	1404		
4015140407	4015140408		1	1404		
4015140408	4015140409		1	1404		
4015140409	4015140410		1	1404		
4015140410	4015140411		1	1404		
4015140411	4015140405		1	1404		
4015140412	4015140413		1	1404		
4015140413	4015140414		1	1404		
4015140414	4015140415		1	1404		
4015140415	4015140416		1	1404		
4015140416			1	1404		
4015140417	4015140418		1	1404		
4015140418			1	1404		
4015140419			1	1404		
4015140499			1	1404		
4015140501			1	1405		
4015140502	4015140506		1	1405		
4015140503	4015140510		1	1405		
4015140504	4015140513		1	1405		
4015140505	4015140517		1	1405		
4015140506	4015140507		1	1405		
4015140507	4015140508		1	1405		
4015140508	4015140509		1	1405		
4015140509	4015140503,4015140504		1	1405		
4015140510	4015140511		1	1405		
4015140511	4015140512		1	1405		
4015140512			1	1405		
4015140513	4015140514		1	1405		
4015140514	4015140515		1	1405		
4015140515	4015140516		1	1405		
4015140516			1	1405		
4015140517	4015140518		1	1405		
4015140518			1	1405		
4015140599			1	1405		
4015140801	4015140802		1	1408		
4015140802	4015140803,4015140805		1	1408		
4015140803	4015140806		1	1408		
4015140804	4015140811	1	2			
4015140805	4015140816		1	1408		
4015140806	4015140807		1	1408		
4015140807	4015140808		1	1408		
4015140808	4015140809		1	1408		
4015140809	4015140810		1	1408		
4015140810	4015140804		1	1408		
4015140811	4015140812		1	1408		
4015140812	4015140813		1	1408		
4015140813	4015140814		1	1408		
4015140814	4015140815		1	1408		
4015140815			1	1408		
4015140816			1	1408		
4015140899			1	1408		
4015140901			1	1409		
4015140902			1	1409		
4015140903			1	1409		
4015140904			1	1409		
4015140905	4015140906		1	1409		
4015140906	4015140907		1	1409		
4015140907	4015140908		1	1409		
4015140908			1	1409		
4015140909	4015140910		1	1409		
4015140910	4015140911		1	1409		
4015140911	4015140912		1	1409		
4015140912			1	1409		
4015140913			1	1409		
4015140999			1	1409		
614090101			1	1409		
614090201	614090202		2			
614090202	614090203		1	1409		
614090203	614090204		1	1409		
614090204			1	1409		
4015141001	4015141002,4015141004		1	1410		
4015141002	4015141005		2			
4015141003	4015141009	1	2			
4015141004	4015141013		2			
4015141005	4015141006		1	1410		
4015141006	4015141007		1	1410		
4015141007	4015141008		1	1410		
4015141008	4015141003		1	1410		
4015141009	4015141010		1	1410		
4015141010	4015141011		1	1410		
4015141011	4015141012		1	1410		
4015141012			1	1410		
4015141013			1	1410		
4015141099			1	1410		
4015141101			1	1411		
4015141102	4015141105		2			
4015141103	4015141108	1	2			
4015141104	4015141117		2			
4015141105	4015141106		1	1411		
4015141106	4015141107		1	1411		
4015141107	4015141103		1	1411		
4015141108	4015141109		1	1411		
4015141109	4015141110		1	1411		
4015141110	4015141111		1	1411		
4015141111	4015141112		1	1411		
4015141112	4015141113		1	1411		
4015141113	4015141114		1	1411		
4015141114	4015141115		1	1411		
4015141115	4015141116		1	1411		
4015141116			1	1411		
4015141117			1	1411		
4015141199			1	1411		
4015141201			1	1412		
4015141202	4015141205		2			
4015141204	4015141215		2			
4015141205	4015141206		1	1412		
4015141206	4015141207		1	1412		
4015141207			1	1412		
4015141215			1	1412		
4015141301			1	1413		
4015141302	4015141305		1	1413		
4015141303	4015141310		1	1413		
4015141304	4015141316		1	1413		
4015141305	4015141306		1	1413		
4015141306	4015141307		1	1413		
4015141307	4015141308		1	1413		
4015141308	4015141309		1	1413		
4015141309			1	1413		
4015141310	4015141311		1	1413		
4015141311	4015141312		1	1413		
4015141312	4015141313		1	1413		
4015141313	4015141314		1	1413		
4015141314	4015141315		1	1413		
4015141315			1	1413		
4015141316			1	1413		
4015141399			1	1413		
4015141401	4015141402,4015141403,4015141404		1	1414		
4015141402	4015141405		1	1414		
4015141403	4015141408		1	1414		
4015141404	4015141411		1	1414		
4015141405	4015141406		1	1414		
4015141406	4015141407		1	1414		
4015141407	4015141402,4015141403,4015141404		1	1414		
4015141408	4015141409		1	1414		
4015141409	4015141410		1	1414		
4015141410	4015141402,4015141403,4015141404		1	1414		
4015141411			1	1414		
4015141499			1	1414		
4015146701	4015146702,4015146705		1	1467		
4015146702	4015146706	1	2			
4015146703	4015146711	1	2			
4015146704	4015146716	1	2			
4015146705	4015146722		1	1467		
4015146706	4015146707		1	1467		
4015146707	4015146708		1	1467		
4015146708	4015146709		1	1467		
4015146709	4015146710		1	1467		
4015146710	4015146703,4015146704		1	1467		
4015146711	4015146712		1	1467		
4015146712	4015146713		1	1467		
4015146713	4015146714		1	1467		
4015146714	4015146715		1	1467		
4015146715			1	1467		
4015146716	4015146717		1	1467		
4015146717	4015146718		1	1467		
4015146718	4015146719		1	1467		
4015146719	4015146720		1	1467		
4015146720	4015146721		1	1467		
4015146721			1	1467		
4015146722			1	1467		
4015146799			1	1467		
4015141701			1	1417		
4015141702	4015141706		1	1417		
4015141714	4015141715	1	2			
4015141715	4015141703,4015141704		1	1417		
4015141703	4015141707	1	2			
4015141704	4015141710	1	2			
4015141705	4015141713	1	2			
4015141706			1	1417		
4015141707	4015141708		1	1417		
4015141708	4015141709		1	1417		
4015141709			1	1417		
4015141710	4015141711		1	1417		
4015141711	4015141712		1	1417		
4015141712			1	1417		
4015141713			1	1417		
4015141751	4015141702,4015141703,4015141704,4015141705		1	1417		
4015141799			1	1417		
614170101	614170102		2			
614170102			1	1417		
614170401	614170402		2			
614170402			1	1417		
614170201			1	1417		
614170301	614170302		2			
614170302	614170303		1	1417		
614170303	614170304		1	1417		
614170304			1	1417		
4015141901			1	1419		
4015141902	4015141906		1	1419		
4015141916	4015141917		2			
4015141917	4015141903,4015141904		1	1419		
4015141903	4015141907		2			
4015141904	4015141911		2			
4015141905	4015141915		2			
4015141906			1	1419		
4015141907	4015141908		1	1419		
4015141908	4015141909		1	1419		
4015141909	4015141910		1	1419		
4015141910			1	1419		
4015141911	4015141912		1	1419		
4015141912	4015141913		1	1419		
4015141913	4015141914		1	1419		
4015141914			1	1419		
4015141915			1	1419		
4015141951	4015141902,4015141903,4015141904,4015141905		1	1419		
4015141999			1	1419		
4015142101	4015142102		1	1421		
4015142102	4015142103,4015142106		1	1421		
4015142103	4015142107		2			
4015142104	4015142109		2			
4015142105	4015142112		2			
4015142106	4015142116		1	1421		
4015142107	4015142108		1	1421		
4015142108	4015142104,4015142105		1	1421		
4015142109	4015142110		1	1421		
4015142110	4015142111		1	1421		
4015142111			1	1421		
4015142112	4015142113		1	1421		
4015142113	4015142114		1	1421		
4015142114	4015142115		1	1421		
4015142115			1	1421		
4015142116			1	1421		
4015142199			1	1421		
4015142301	4015142313,4015142305		1	1423		
4015142302	4015142306		2			
4015142313	4015142314		2			
4015142314	4015142303,4015142304		1	1423		
4015142303	4015142307		2			
4015142304	4015142309		2			
4015142305	4015142312		2			
4015142306			1	1423		
4015142307	4015142308		1	1423		
4015142308			1	1423		
4015142309	4015142310		1	1423		
4015142310	4015142311		1	1423		
4015142311			1	1423		
4015142312			1	1423		
4015142351			1	1423		
4015142399			1	1423		
614230101	614230102		2			
614230102			1	1423		
614230201	614230202		2			
614230202			1	1423		
614230301	614230302		2			
614230302			1	1423		
614230401			1	1423		
614230402			1	1423		
614230403			1	1423		
614230404			1	1423		
614230405			1	1423		
614230406			1	1423		
614230407			1	1423		
614230408			1	1423		
614230409			1	1423		
4015142501			1	1425		
4015142519	4015142520		2			
4015142520	4015142502,4015142503,4015142504		1	1425		
4015142502	4015142506		2			
4015142503	4015142509		2			
4015142504	4015142513		2			
4015142505	4015142517		1	1425		
4015142506	4015142507		1	1425		
4015142507	4015142508		1	1425		
4015142508			1	1425		
4015142509	4015142510		1	1425		
4015142510	4015142511		1	1425		
4015142511	4015142512		1	1425		
4015142512			1	1425		
4015142513	4015142514		1	1425		
4015142514	4015142515		1	1425		
4015142515	4015142516		1	1425		
4015142516			1	1425		
4015142517	4015142518		1	1425		
4015142518			1	1425		
4015142599			1	1425		
614250101	614250102		2			
614250102			1	1425		
4015142701	4015142702,4015142705		1	1427		
4015142702	4015142706		2			
4015142703	4015142711		2			
4015142704	4015142716		2			
4015142705	4015142721		2			
4015142706	4015142707		1	1427		
4015142707	4015142708		1	1427		
4015142708	4015142709		1	1427		
4015142709	4015142710		1	1427		
4015142710	4015142703,4015142704		1	1427		
4015142711	4015142712		1	1427		
4015142712	4015142713		1	1427		
4015142713	4015142714		1	1427		
4015142714	4015142715		1	1427		
4015142715			1	1427		
4015142716	4015142717		1	1427		
4015142717	4015142718		1	1427		
4015142718	4015142719		1	1427		
4015142719	4015142720		1	1427		
4015142720			1	1427		
4015142721	4015142722		1	1427		
4015142722			1	1427		
4015142799			1	1427		
4015142901	4015142902,4015142905		1	1429		
4015142902	4015142906		2			
4015142903	4015142908		2			
4015142904	4015142910		2			
4015142905	4015142912		2			
4015142906	4015142907		1	1429		
4015142907	4015142903,4015142904		1	1429		
4015142908	4015142909		1	1429		
4015142909			1	1429		
4015142910	4015142911		1	1429		
4015142911			1	1429		
4015142912			1	1429		
4015142999			1	1429		
4015143001	4015143002,4015143005		1	1430		
4015143002	4015143006		2			
4015143003	4015143008		2			
4015143004	4015143010		2			
4015143005	4015143012		2			
4015143006	4015143007		1	1430		
4015143007	4015143003,4015143004		1	1430		
4015143008	4015143009		1	1430		
4015143009			1	1430		
4015143010	4015143011		1	1430		
4015143011			1	1430		
4015143012			1	1430		
4015143099			1	1430		
4015143101	4015143102,4015143105		1	1431		
4015143102	4015143106		2			
4015143103	4015143108		2			
4015143104	4015143110		2			
4015143105	4015143113		2			
4015143106	4015143107		1	1431		
4015143107	4015143103,4015143104		1	1431		
4015143108	4015143109		1	1431		
4015143109			1	1431		
4015143110	4015143111		1	1431		
4015143111	4015143112		1	1431		
4015143112			1	1431		
4015143113			1	1431		
4015143199			1	1431		
4015143301	4015143302,4015143303,4015143304		1	1433		
4015143302	4015143305		1	1433		
4015143303	4015143309		1	1433		
4015143304	4015143311		1	1433		
4015143305	4015143306		1	1433		
4015143306	4015143307		1	1433		
4015143307	4015143308		1	1433		
4015143308	4015143302,4015143303,4015143304		1	1433		
4015143309	4015143310		1	1433		
4015143310	4015143302,4015143303,4015143304		1	1433		
4015143311			1	1433		
4015143399			1	1433		
614330201			1	1433		
614330301			1	1433		
614330401			1	1433		
4015143501	4015143516,4015143505		1	1435		
4015143502	4015143506		1	1435		
4015143516	4015143517		2			
4015143517	4015143503,4015143504		1	1435		
4015143503	4015143507	1	2			
4015143504	4015143510	1	2			
4015143505	4015143515	1	2			
4015143506			1	1435		
4015143507	4015143508		1	1435		
4015143508	4015143509		1	1435		
4015143509			1	1435		
4015143510	4015143511		1	1435		
4015143511	4015143512		1	1435		
4015143512	4015143513		1	1435		
4015143513	4015143514		1	1435		
4015143514			1	1435		
4015143515			1	1435		
4015143551			1	1435		
4015143599			1	1435		
4015146901	4015146902		1	1469		
4015146902			1	1469		
4015146903	4015146907		2			
4015146920	4015146921		2			
4015146921	4015146904,4015146905		1	1469		
4015146904	4015146908		2			
4015146905	4015146913		2			
4015146906	4015146919		2			
4015146907			1	1469		
4015146908	4015146909		1	1469		
4015146909	4015146910		1	1469		
4015146910	4015146911		1	1469		
4015146911	4015146912		1	1469		
4015146912			1	1469		
4015146913	4015146914		1	1469		
4015146914	4015146915		1	1469		
4015146915	4015146916		1	1469		
4015146916	4015146917		1	1469		
4015146917	4015146918		1	1469		
4015146918			1	1469		
4015146919			1	1469		
4015146961	4015146962,4015146965,4015146966		1	1469		
4015146962	4015146963		2			
4015146963	4015146964		2			
4015146964			1	1469		
4015146965	4015146967		2			
4015146966	4015146969		2			
4015146967	4015146968		1	1469		
4015146968			1	1469		
4015146969			1	1469		
4015146999			1	1469		
4015146930	4015146970		1	1469	0.1	
4015146970	4015146931		1	1469	0.1	
4015146931	4015146932,4015146933,4015146934,4015146935,4015146936		1	1469	0.1	
4015146932	4015146937		1	1469	0.1	
4015146933	4015146940		1	1469	0.1	
4015146934	4015146949		1	1469	0.1	
4015146935	4015146959		1	1469	0.1	
4015146936	4015146919		1	1469	0.1	
4015146937	4015146938		1	1469	0.1	
4015146938	4015146939		1	1469	0.1	
4015146939	4015146932,4015146933,4015146934,4015146935,4015146936		1	1469	0.1	
4015146940	4015146941		1	1469	0.1	
4015146941	4015146942,4015146943,4015146945,4015146936		1	1469	0.1	
4015146942	4015146946		1	1469	0.1	
4015146943	4015146947		1	1469	0.1	
4015146944	4015146942,4015146943,4015146945,4015146936		1	1469	0.1	
4015146945	4015146939		1	1469	0.1	
4015146946	4015146944		1	1469	0.1	
4015146947	4015146948		1	1469	0.1	
4015146948	4015146944		1	1469	0.1	
4015146949	4015146950,4015146951,4015146952,4015146953,4015146945,4015146936		1	1469	0.1	
4015146950	4015146955		1	1469	0.1	
4015146951	4015146956		1	1469	0.1	
4015146952	4015146957		1	1469	0.1	
4015146953	4015146958		1	1469	0.1	
4015146954	4015146950,4015146951,4015146952,4015146953,4015146945,4015146936		1	1469	0.1	
4015146955	4015146954		1	1469	0.1	
4015146956	4015146954		1	1469	0.1	
4015146957	4015146954		1	1469	0.1	
4015146958	4015146954		1	1469	0.1	
4015146959	4015146960		1	1469	0.1	
4015146960	4015146939		1	1469	0.1	
4015146501			1	1465		
4019001	4019002		1	1465		
4019002	4019003		1	1465		
4019003			1	1465		
4019101	4019102		1	1465		
4019102	4019103		1	1465		
4019103	4019104		1	1465		
4019104	4019105		1	1465		
4019105	4019106		1	1465		
4019106	4019107		1	1465		
4019107			1	1465		
4019301	4019302		1	1465		
4019302			1	1465		
4015146599			1	1465		
4015147501	4015147502,4015147503,4015147504		1	1475		
4015147502	4015147505		1	1475		
4015147503	4015147507		1	1475		
4015147504	4015147511		1	1475		
4015147505	4015147506		1	1475		
4015147506	4015147502,4015147503,4015147504		1	1475		
4015147507	4015147508		1	1475		
4015147508	4015147509		1	1475		
4015147509	4015147510		1	1475		
4015147510	4015147502,4015147503,4015147504		1	1475		
4015147511			1	1475		
4015147599			1	1475		
4015148001			1	1479		
4015148002			1	1479		
4015148003			1	1479		
4015148005			2			
4015148006	4015148007		1	1479		
4015148007	4015148008		1	1479		
4015148008	4015148009		1	1479		
4015148009			1	1479		
4015148010			2			
4015148011	4015148012		1	1479		
4015148012	4015148013		1	1479		
4015148013	4015148014		1	1479		
4015148014			1	1479		
4015148015			2			
4015148016	4015148017		1	1479		
4015148017	4015148018		1	1479		
4015148018	4015148019		1	1479		
4015148019			1	1479		
4015148020			2			
4015148021			1	1479		
4012000201	4012000202,4012000214		1	20002		
4012000202	4012000203		2			
4012000203	4012000204		1	20002		
4012000204	4012000205		1	20002		
4012000205	4012000206,4012000210		1	20002		
4012000206	4012000207		2			
4012000207	4012000208		1	20002		
4012000208	4012000209		1	20002		
4012000209			1	20002		
4012000210	4012000211		2			
4012000211	4012000212		1	20002		
4012000212	4012000213		1	20002		
4012000213			1	20002		
4012000214	4012000215		2			
4012000215	4012000216		1	20002		
4012000216			1	20002		
4015145301	4015145302,4015145304,4015145305		1	1453		
4015145302	4015145306	1	2			
4015145303	4015145308	1	2			
4015145304	4015145310	1	2			
4015145305	4015145312	1	2			
4015145306	4015145307		1	1453		
4015145307	4015145303		1	1453		
4015145308	4015145309		1	1453		
4015145309	4015145302,4015145304,4015145305		1	1453		
4015145310	4015145311		1	1453		
4015145311	4015145302,4015145304,4015145305		1	1453		
4015145312			1	1453		
4015145399			1	1453		
4015145101	4015145102,4015145104		1	1451		
4015145102	4015145105		1	1451		
4015145103	4015145108		1	1451		
4015145104	4015145111		1	1451		
4015145105	4015145106		1	1451		
4015145106	4015145107		1	1451		
4015145107			1	1451		
4015145108	4015145109		1	1451		
4015145109	4015145110		1	1451		
4015145110			1	1451		
4015145111			1	1451		
4015145199			1	1451		
614370101			1	1437		
614370201	614370202		2			
614370202	614370203		1	1437		
614370203	614370204,614370206		1	1437		
614370204	614370205		2			
614370205			1	1437		
614370206	614370207		2			
614370207	614370208		1	1437		
614370208	614370209	1	2			
614370209	614370210		1	1437		
614370210	614370211		1	1437		
614370211			1	1437		
614370301	614370302		2			
614370302	614370303		1	1437		
614370303			1	1437		
614370401			1	1437		
614370501			1	1437		
614370601			1	1437		
4015143901	4015143902,4015143905		1	1439		
4015143902	4015143906		2			
4015143903	4015143910		2			
4015143904	4015143915		2			
4015143905	4015143919		2			
4015143906	4015143907		1	1439		
4015143907	4015143908		1	1439		
4015143908	4015143909		1	1439		
4015143909	4015143903,4015143904		1	1439		
4015143910	4015143911		1	1439		
4015143911	4015143912		1	1439		
4015143912	4015143913		1	1439		
4015143913	4015143914		1	1439		
4015143914			1	1439		
4015143915	4015143916		1	1439		
4015143916	4015143917		1	1439		
4015143917	4015143918		1	1439		
4015143918			1	1439		
4015143919			1	1439		
4015143999			1	1439		
614390201			1	1439		
614390301			1	1439		
614390401			1	1439		
4015144101	4015144102,4015144103,4015144104		1	1441		
4015144102	4015144105		2			
4015144103	4015144108		2			
4015144104	4015144114		2			
4015144105	4015144106		1	1441		
4015144106	4015144107		1	1441		
4015144107	4015144102,4015144103,4015144104		1	1441		
4015144108	4015144109		1	1441		
4015144109	4015144110		1	1441		
4015144110	4015144111		1	1441		
4015144111	4015144112		1	1441		
4015144112	4015144113		1	1441		
4015144113	4015144102,4015144103,4015144104		1	1441		
4015144114	4015144115		1	1441		
4015144115			1	1441		
4015144199			1	1441		
614410201			1	1441		
614410301			1	1441		
614410401			1	1441		
4015144501	4015144502,4015144503,4015144504		1	1445		
4015144502	4015144505		1	1445		
4015144503	4015144507		1	1445		
4015144504	4015144509		1	1445		
4015144505	4015144506		1	1445		
4015144506			1	1445		
4015144507	4015144508		1	1445		
4015144508			1	1445		
4015144509	4015144510		1	1445		
4015144510			1	1445		
4015144599			1	1445		
616030101	616030102		1	1603		
616030102	616030103		1	1603		
616030103	616030104		1	1603		
616030104	616030105		1	1603		
616030105	616030106	1	2			
616030106	616030107		1	1603		
616030107	616030108		1	1603		
616030108	616030109		1	1603		
616030109	616030110	1	2			
616030110	616030111		1	1603		
616030111			1	1603		
616030201	616030202		1	1603		
616030202	616030203		1	1603		
616030203	616030204		1	1603		
616030204	616030205		1	1603		
616030205	616030206	1	2			
616030206	616030207		1	1603		
616030207	616030208		1	1603		
616030208	616030209		1	1603		
616030209	616030210		1	1603		
616030210	616030211		1	1603		
616030211	616030212	1	2			
616030212	616030213		1	1603		
616030213			1	1603		
4015147701	4015147702,4015147703,4015147704		1	1477		
4015147702	4015147705		1	1477		
4015147703	4015147707		1	1477		
4015147704	4015147711		1	1477		
4015147705	4015147706		1	1477		
4015147706			1	1477		
4015147707	4015147708		1	1477		
4015147708	4015147709		1	1477		
4015147709	4015147710		1	1477		
4015147710			1	1477		
4015147711			1	1477		
4015147799			1	1477		
614750101			1	1475		
614750201	614750202		2			
614750202	614750203		1	1475		
614750203	614750204		1	1475		
614750204			1	1475		
614750301	614750302		2			
614750302			1	1475		
614550101			1	1455		
614550201	614550202		2			
614550202	614550203		1	1455		
614550203	614550204		1	1455		
614550204	614550205		1	1455		
614550205	614550206		1	1455		
614550206			1	1455		
614550301	614550302		2			
614550302			1	1455		
614430101			1	1443		
614430201	614430202		2			
614430202	614430203		1	1443		
614430203			1	1443		
614430301	614430302		2			
614430302	614430303		1	1443		
614430303			1	1443		
614430401	614430402		2			
614430402	614430403		1	1443		
614430403			1	1443		
614430501			1	1443		
614430601			1	1443		
614430701			1	1443		
616040101			1	1604		
616040201	616040202		2			
616040202	616040203		1	1604		
616040203	616040204		1	1604		
616040204	616040205	1	2			
616040205	616040206		1	1604		
616040206	616040207		1	1604		
616040207	616040208		1	1604		
616040208			1	1604		
616040301	616040302		2			
616040302	616040303		1	1604		
616040303	616040304		1	1604		
616040304	616040305		1	1604		
616040305			1	1604		
616040401	616040402		2			
616040402			1	1604		
616050101			1	1605		
616050201	616050202		2			
616050202	616050203		1	1605		
616050203	616050204		1	1605		
616050204	616050205		1	1605		
616050205			1	1605		
616050301	616050302		2			
616050302	616050303		1	1605		
616050303	616050304		1	1605		
616050304	616050305		1	1605		
616050305	616050306		1	1605		
616050306			1	1605		
616050401	616050402		2			
616050402			1	1605		
616060101			1	1606		
616060201	616060202		2			
616060202	616060203		1	1606		
616060203	616060204		1	1606		
616060204	616060205		1	1606		
616060205			1	1606		
616060301	616060302		2			
616060302	616060303		1	1606		
616060303	616060304		1	1606		
616060304	616060305		1	1606		
616060305	616060306		1	1606		
616060306			1	1606		
616060401	616060402		2			
616060402			1	1606		
616070101	616070102		1	1607		
616070102			1	1607		
616070201	616070202		2			
616070202	616070203		1	1607		
616070203			1	1607		
616070301	616070302		2			
616070302	616070303		1	1607		
616070303	616070304		1	1607		
616070304	616070305		1	1607		
616070305	616070306		1	1607		
616070306			1	1607		
616070401	616070402		2			
616070402			1	1607		
616080101			1	1608		
616080201	616080202		2			
616080202	616080203		1	1608		
616080203	616080204		1	1608		
616080204			1	1608		
616080301	616080302		2			
616080302	616080303		1	1608		
616080303	616080304		1	1608		
616080304			1	1608		
616080401	616080402		2			
616080402	616080403		1	1608		
616080403			1	1608		
615770101			1	1577		
615770201	615770202		2			
615770202	615770203		1	1577		
615770203			1	1577		
615770301	615770302		2			
615770302			1	1577		
615740101			1	1574		
615740201	615740202		2			
615740202	615740203		1	1574		
615740203	615740204		1	1574		
615740204			1	1574		
615740301	615740302		2			
615740302			1	1574		
615930101			1	1593		
615930201	615930202		2			
615930202	615930203		1	1593		
615930203	615930204		1	1593		
615930204			1	1593		
615930301	615930302		2			
615930302			1	1593		
615780101			1	1578		
615780201	615780202		2			
615780202	615780203		1	1578		
615780203	615780204		1	1578		
615780204			1	1578		
615780301	615780302		2			
615780302			1	1578		
616090101	616090102		1	1609		
616090102	616090103		1	1610		
616090103	616090104		1	1609		
616090104	616090105		1	1610		
616090105	616090106		1	1609		
616090106	616090107		1	1610		
616090107	616090108		1	1609		
616090108	616090109		1	1610		
616090109			1	1609		
624270101			1	2427		
624270201	624270202		2			
624270202			1	2427		
624270301	624270302		2			
624270302	624270303		1	2427		
624270303	624270304	1	2			
624270304	624270305		1	2427		
624270305	624270306	1	2			
624270306			1	2427		
624270401	624270402		2			
624270402			1	2427		
623050101			1	2305		
623050201	623050202		2			
623050202	623050203		1	2305		
623050203	623050204		1	2305		
623050204	623050205	1	2			
623050205	623050206		1	2305		
623050206	623050207		1	2305		
623050207	623050208		1	2305		
623050208	623050209	1	2			
623050209	623050210		1	2305		
623050210			1	2305		
623050301	623050302		2			
623050302			1	2305		
616240101			1	1624		
616240201	616240202		2			
616240202	616240203		1	1624		
616240203	616240204		1	1624		
616240204	616240205,616240210		1	1624		
616240205	616240206		2			
616240206	616240207		1	1624		
616240207	616240208		1	1624		
616240208	616240209		1	1624		
616240209			1	1624		
616240210	616240211		2			
616240211	616240212		1	1624		
616240212			1	1624		
616240301	616240302		2			
616240302			1	1624		
616240501			1	1624		
616240601	616240602		2			
616240602	616240603		1	1624		
616240603	616240604		1	1624		
616240604			1	1624		
616240701	616240702		2			
616240702	616240703		1	1624		
616240703	616240704		1	1624		
616240704	616240705		1	1624		
616240705	616240706,616240710		1	1624		
616240706	616240707		2			
616240707	616240708		1	1624		
616240708	616240709		1	1624		
616240709			1	1624		
616240710	616240711		2			
616240711	616240712		1	1624		
616240712			1	1624		
616240801	616240802		2			
616240802			1	1624		
623060101			1	2306		
623060201	623060202		2			
623060202	623060203		1	2306		
623060203	623060204		1	2306		
623060204	623060205		1	2306		
623060205			1	2306		
623060301	623060302		2			
623060302	623060303		1	2306		
623060303	623060304		1	2306		
623060304	623060305		1	2306		
623060305	623060306		1	2306		
623060306	623060307	1	2			
623060307	623060308		1	2306		
623060308	623060309		1	2306		
623060309	623060310		1	2306		
623060310	623060311		1	2306		
623060311			1	2306		
623060401	623060402		2			
623060402			1	2306		
623070101			1	2307		
623070201	623070202		2			
623070202	623070203		1	2307		
623070203	623070204		1	2307		
623070204	623070205	1	2			
623070205	623070206		1	2307		
623070206	623070207		1	2307		
623070207			1	2307		
623070301	623070302		2			
623070302	623070303		1	2307		
623070303			1	2307		
623070401	623070402		2			
623070402			1	2307		
623020101			1	2302		
623020201	623020202		2			
623020202	623020203		1	2302		
623020203	623020204		1	2302		
623020204			1	2302		
623020301	623020302		2			
623020302	623020303		1	2302		
623020303	623020304		1	2302		
623020304	623020305		1	2302		
623020305	623020306		1	2302		
623020306	623020307	1	2			
623020307	623020308		1	2302		
623020308	623020309		1	2302		
623020309	623020310		1	2302		
623020310	623020311	1	2			
623020311			1	2302		
623020401	623020402		2			
623020402			1	2302		
616300101			1	1630		
616300201	616300202		2			
616300202	616300203		1	1630		
616300203	616300204		1	1630		
616300204	616300205		1	1630		
616300205	616300206		1	1630		
616300206			1	1630		
616300301	616300302		2			
616300302	616300303		1	1630		
616300303	616300304		1	1630		
616300304			1	1630		
616300401	616300402		2			
616300402			1	1630		
616310101			1	1631		
616310201	616310202		2			
616310202	616310203		1	1631		
616310203	616310204		1	1631		
616310204			1	1631		
616310301	616310302		2			
616310302	616310303		1	1631		
616310303	616310304		1	1631		
616310304			1	1631		
616310401	616310402		2			
616310402			1	1631		
616320101			1	1632		
616320201	616320202		2			
616320202	616320203		1	1632		
616320203	616320204		1	1632		
616320204	616320205		1	1632		
616320205			1	1632		
616320301	616320302		2			
616320302			1	1632		
616250101			1	1625		
616250201	616250202		2			
616250202	616250203		1	1625		
616250203	616250204		1	1625		
616250204			1	1625		
616250301	616250302		2			
616250302			1	1625		
616290101			1	1629		
616290201	616290202		2			
616290202			1	1629		
616290301	616290302		2			
616290302	616290303		1	1629		
616290303	616290304		1	1629		
616290304	616290305		1	1629		
616290305	616290306		1	1629		
616290306	616290307		1	1629		
616290307	616290308	1	2			
616290308	616290309		1	1629		
616290309	616290310		1	1629		
616290310			1	1629		
616290401	616290402		2			
616290402			1	1629		
624000101			1	2400		
624000201	624000202		2			
624000202	624000203		1	2400		
624000203	624000204,624000212		1	2400		
624000204	624000205		2			
624000205	624000206		1	2400		
624000206	624000207		1	2400		
624000207	624000208		1	2400		
624000208	624000209		1	2400		
624000209	624000210		1	2400		
624000210	624000211		1	2400		
624000211			1	2400		
624000212	624000213		2			
624000213	624000214		1	2400		
624000214			1	2400		
624000301	624000302		2			
624000302	624000303		1	2400		
624000303	624000304		1	2400		
624000304	624000305		1	2400		
624000305			1	2400		
624000401	624000402		2			
624000402			1	2400		
624010101	624010102		1	2401		
624010102			1	2401		
624010201	624010202		2			
624010202	624010203		1	2401		
624010203	624010204		1	2401		
624010204			1	2401		
624010301	624010302		2			
624010302	624010303		1	2401		
624010303	624010304,624010307		1	2401		
624010304	624010305		2			
624010305	624010306		1	2401		
624010306	624010307		1	2401		
624010307	624010308		2			
624010308	624010309		1	2401		
624010309	624010310		1	2401		
624010310			1	2401		
624010401	624010402		2			
624010402	624010403		1	2401		
624010403			1	2401		
624020101			1	2402		
624020201	624020202		2			
624020202	624020203		1	2402		
624020203	624020204		1	2402		
624020204	624020205,624020208		1	2402		
624020205	624020206		2			
624020206	624020207		1	2402		
624020207			1	2402		
624020208	624020209		2			
624020209	624020210		1	2402		
624020210			1	2402		
624020301	624020302		2			
624020302	624020303		1	2402		
624020303			1	2402		
624030101			1	2403		
624030201	624030202		2			
624030202	624030203		1	2403		
624030203	624030204		1	2403		
624030204	624030205		1	2403		
624030205	624030206	1	2			
624030206	624030207		1	2403		
624030207	624030208		1	2403		
624030208	624030209	1	2			
624030209	624030210		1	2403		
624030210	624030211		1	2403		
624030211			1	2403		
624030301	624030302		2			
624030302	624030303		1	2403		
624030303			1	2403		
624040101			1	2404		
624040201	624040202		2			
624040202	624040203		1	2404		
624040203			1	2404		
624040301	624040302		2			
624040302	624040303		1	2404		
624040303	624040304		1	2404		
624040304	624040305	1	2			
624040305	624040306		1	2404		
624040306	624040307		1	2404		
624040307	624040308		1	2404		
624040308	624040309		1	2404		
624040309			1	2404		
624040401	624040402		2			
624040402	624040403		1	2404		
624040403			1	2404		
624050101			1	2405		
624050201	624050202		2			
624050202			1	2405		
624050301	624050302		2			
624050302	624050303		1	2405		
624050303	624050304		1	2405		
624050304	624050305		1	2405		
624050305	624050306	1	2			
624050306	624050307		1	2405		
624050307			1	2405		
624050401	624050402		2			
624050402			1	2405		
624060101			1	2406		
624060201	624060202		2			
624060202			1	2406		
624060301	624060302		2			
624060302			1	2406		
624060401	624060402		2			
624060402			1	2406		
624070101			1	2407		
624070201	624070202		2			
624070202	624070203		1	2407		
624070203	624070204		1	2407		
624070204	624070205	1	2			
624070205	624070206		1	2407		
624070206	624070207		1	2407		
624070207	624070208	1	2			
624070208	624070209		1	2407		
624070209			1	2407		
624070301	624070302		2			
624070302	624070303		1	2407		
624070303	624070304		1	2407		
624070304			1	2407		
624070401	624070402		2			
624070402			1	2407		
624080101			1	2408		
624080201	624080202		2			
624080202	624080203		1	2408		
624080203			1	2408		
624080301	624080302		2			
624080302	624080303		1	2408		
624080303	624080304		1	2408		
624080304	624080305		1	2408		
624080305			1	2408		
624080401	624080402		2			
624080402			1	2408		
624090101	624090102		1	2409		
624090102			1	2409		
624090201	624090202		2			
624090202			1	2409		
624090301	624090302		2			
624090302	624090303		1	2409		
624090303	624090304		1	2409		
624090304	624090305	1	2			
624090305	624090306		1	2409		
624090306			1	2409		
624090401	624090402		2			
624090402			1	2409		
624100101			1	2410		
624100201	624100202		2			
624100202	624100203		1	2410		
624100203	624100204		1	2410		
624100204			1	2410		
624100301	624100302		2			
624100302	624100303		1	2410		
624100303			1	2410		
624110101			1	2411		
624110201	624110202		2			
624110202	624110203		1	2411		
624110203	624110204		1	2411		
624110204	624110205		1	2411		
624110205	624110206	1	2			
624110206	624110207		1	2411		
624110207	624110208		1	2411		
624110208	624110209	1	2			
624110209	624110210		1	2411		
624110210	624110211		1	2411		
624110211			1	2411		
624110301	624110302		2			
624110302	624110303		1	2411		
624110303			1	2411		
624180101			1	2418		
624180201	624180202		2			
624180202			1	2418		
624180301	624180302		2			
624180302	624180303		1	2418		
624180303	624180304		1	2418		
624180304	624180305	1	2			
624180305	624180306		1	2418		
624180306	624180307		1	2418		
624180307	624180308		1	2418		
624180308	624180309	1	2			
624180309	624180310		1	2418		
624180310	624180311		1	2418		
624180311	624180312		1	2418		
624180312			1	2418		
624180401	624180402		2			
624180402			1	2418		
624190101			1	2419		
624190201	624190202		2			
624190202	624190203,624190206		1	2419		
624190203	624190204		2			
624190204	624190205		1	2419		
624190205			1	2419		
624190206	624190207		2			
624190207	624190208		1	2419		
624190208	624190209		1	2419		
624190209	624190210	1	2			
624190210			1	2419		
624190301	624190302		2			
624190302			1	2419		
624200101			1	2420		
624200201	624200202		2			
624200202	624200203		1	2420		
624200203			1	2420		
624200301	624200302		2			
624200302	624200303		1	2420		
624200303	624200304,624200306		1	2420		
624200304	624200305		2			
624200305			1	2420		
624200306	624200307		2			
624200307			1	2420		
624200401	624200402		2			
624200402			1	2420		
624210101			1	2421		
624210201	624210202		2			
624210202	624210203,624210205		1	2421		
624210203	624210204		2			
624210204			1	2421		
624210205	624210206		2			
624210206	624210207		1	2421		
624210207	624210208		1	2421		
624210208	624210209		1	2421		
624210209			1	2421		
624210301	624210302		2			
624210302			1	2421		
624220101			1	2422		
624220201	624220202		2			
624220202	624220203		1	2422		
624220203			1	2422		
624220301	624220302		2			
624220302	624220303		1	2422		
624220303	624220304		1	2422		
624220304	624220305		1	2422		
624220305	624220306	1	2			
624220306	624220307		1	2422		
624220307			1	2422		
624220401	624220402		2			
624220402			1	2422		
622000101			1	2200		
622000201	622000202		2			
622000202	622000203,622000207		1	2200		
622000203	622000204		2			
622000204	622000205		1	2200		
622000205	622000206		1	2200		
622000206			1	2200		
622000207	622000208		2			
622000208	622000209		1	2200		
622000209	622000210		1	2200		
622000210			1	2200		
622000301	622000302		2			
622000302			1	2200		
622010101			1	2201		
622010201	622010202		2			
622010202	622010203		1	2201		
622010203	622010204		1	2201		
622010204	622010205		1	2201		
622010205	622010206	1	2			
622010206	622010207		1	2201		
622010207	622010208		1	2201		
622010208	622010209		1	2201		
622010209	622010210	1	2			
622010210	622010211		1	2201		
622010211	622010212		1	2201		
622010212			1	2201		
622010301	622010302		2			
622010302			1	2201		
622020101			1	2202		
622020201	622020202		2			
622020202	622020203		1	2202		
622020203	622020306,622020312		1	2202		
622020301	622020302		2			
622020302	622020303		1	2202		
622020303	622020304		1	2202		
622020304	622020305		1	2202		
622020305			1	2202		
622020306	622020307		2			
622020307	622020308		1	2202		
622020308	622020309		1	2202		
622020309	622020310		1	2202		
622020310	622020311		1	2202		
622020311			1	2202		
622020312	622020313		2			
622020313	622020314		1	2202		
622020314			1	2202		
622020401	622020402		2			
622020402			1	2202		
622030101			1	2203		
622030201	622030202		2			
622030202	622030203		1	2203		
622030203	622030204		1	2203		
622030204	622030205		1	2203		
622030205	622030206,622030212		1	2203		
622030206	622030207		2			
622030207	622030208		1	2203		
622030208	622030209		1	2203		
622030209	622030210		1	2203		
622030210	622030211		1	2203		
622030211			1	2203		
622030212	622030213		2			
622030213	622030214		1	2203		
622030214	622030215		1	2203		
622030215	622030216		1	2203		
622030216	622030217		1	2203		
622030217			1	2203		
622030301	622030302		2			
622030302	622030303		1	2203		
622030303			1	2203		
622040101			1	2204		
622040201	622040202		2			
622040202	622040203		1	2204		
622040203	622040204		1	2204		
622040204	622040205	1	2			
622040205	622040206		1	2204		
622040206	622040207		1	2204		
622040207	622040208		1	2204		
622040208	622040209		1	2204		
622040209	622040210		1	2204		
622040210	622040211		1	2204		
622040211			1	2204		
622040301	622040302		2			
622040302			1	2204		
622040501			1	2204		
622040601	622040602		2			
622040602	622040603		1	2204		
622040603	622040604		1	2204		
622040604	622040605	1	2			
622040605	622040606		1	2204		
622040606	622040607		1	2204		
622040607	622040608		1	2204		
622040608	622040609		1	2204		
622040609	622040610		1	2204		
622040610	622040611		1	2204		
622040611			1	2204		
622040701	622040702		2			
622040702			1	2204		
622050101			1	2205		
622050201	622050202		2			
622050202	622050203		1	2205		
622050203	622050204		1	2205		
622050204	622050205		1	2205		
622050205	622050206		1	2205		
622050206	622050207	1	2			
622050207	622050208		1	2205		
622050208	622050209		1	2205		
622050209	622050210		1	2205		
622050210	622050211		1	2205		
622050211	622050212		1	2205		
622050212			1	2205		
622050301	622050302		2			
622050302			1	2205		
623000101			1	2300		
623000201	623000202		2			
623000202	623000203		1	2300		
623000203	623000204		1	2300		
623000204			1	2300		
623000301	623000302		2			
623000302	623000303		1	2300		
623000303			1	2300		
623000401	623000402		2			
623000402			1	2300		
623080101			1	2308		
623080201	623080202		2			
623080202	623080203		1	2308		
623080203	623080204		1	2308		
623080204	623080205		1	2308		
623080205	623080206		1	2308		
623080206	623080207	1	2			
623080207	623080208		1	2308		
623080208			1	2308		
623080301	623080302		2			
623080302	623080303		1	2308		
623080303	623080304		1	2308		
623080304			1	2308		
623080401	623080402		2			
623080402			1	2308		
623030101			1	2303		
623030201	623030202		2			
623030202	623030203,623030207,623030211		1	2303		
623030203	623030204		2			
623030204	623030205		1	2303		
623030205	623030206		1	2303		
623030206			1	2303		
623030207	623030208		2			
623030208	623030209		1	2303		
623030209	623030210		1	2303		
623030210			1	2303		
623030211	623030212		2			
623030212	623030213		1	2303		
623030213	623030214		1	2303		
623030214	623030215		1	2303		
623030215			1	2303		
623030301	623030302		2			
623030302			1	2303		
623040101			1	2304		
623040201	623040202		2			
623040202	623040203		1	2304		
623040203	623040204		1	2304		
623040204	623040205		1	2304		
623040205			1	2304		
623040301	623040302		2			
623040302			1	2304		
623090101			1	2309		
623090201	623090202		2			
623090202	623090203		1	2309		
623090203	623090204		1	2309		
623090204	623090205,623090209		1	2309		
623090205	623090206		2			
623090206	623090207		1	2309		
623090207	623090208		1	2309		
623090208			1	2309		
623090209	623090210		2			
623090210	623090211		1	2309		
623090211			1	2309		
623090301	623090302		2			
623090302			1	2309		
622060101			1	2206		
622060201	622060202		2			
622060202	622060203		1	2206		
622060203	622060204,622060206		1	2206		
622060204	622060205		2			
622060205			1	2206		
622060206	622060207		2			
622060207	622060208		1	2206		
622060208			1	2206		
622060301	622060302		2			
622060302			1	2206		
622060401			1	2206		
622060501	622060502		2			
622060502	622060503		1	2206		
622060503	622060504,622060506		1	2206		
622060504	622060505		2			
622060505			1	2206		
622060506	622060507		2			
622060507			1	2206		
622060601	622060602		2			
622060602			1	2206		
622070101			1	2207		
622070201	622070202		2			
622070202	622070203		1	2207		
622070203	622070204	1	2			
622070204	622070205		1	2207		
622070205	622070206		1	2207		
622070206	622070207		1	2207		
622070207	622070208	1	2			
622070208	622070209		1	2207		
622070209	622070210		1	2207		
622070210	622070211		1	2207		
622070211			1	2207		
622070301	622070302		2			
622070302			1	2207		
622110101			1	2211		
622110201	622110202		2			
622110202	622110203		1	2211		
622110203			1	2211		
622110301	622110302		2			
622110302			1	2211		
622080101			1	2208		
622080201	622080202		2			
622080202	622080203		1	2208		
622080203	622080204		1	2208		
622080204	622080205,622080210		1	2208		
622080205	622080206		2			
622080206	622080207		1	2208		
622080207	622080208		1	2208		
622080208	622080209		1	2208		
622080209			1	2208		
622080210	622080211		2			
622080211	622080212		1	2208		
622080212	622080213		1	2208		
622080213			1	2208		
622080301	622080302		2			
622080302	622080303		1	2208		
622080303	622080304		1	2208		
622080304	622080305		1	2208		
622080305			1	2208		
622080401	622080402		2			
622080402			1	2208		
622080501			1	2208		
622080601	622080602		2			
622080602	622080603		1	2208		
622080603	622080604		1	2208		
622080604	622080205,622080210		1	2208		
622100101			1	2210		
622100201	622100202		2			
622100202	622100203		1	2210		
622100203			1	2210		
622100301	622100302		2			
622100302			1	2210		
622090101			1	2209		
622090201	622090202		2			
622090202	622090203		1	2209		
622090203	622090204	1	2			
622090204	622090205		1	2209		
622090205	622090206		1	2209		
622090206	622090207	1	2			
622090207	622090208		1	2209		
622090208			1	2209		
622090301	622090302		2			
622090302			1	2209		
620150101	620150102		1	2001		
620150102	620150103		1	2015		
620150103	620150104		1	2001		
620150104	620150105		1	2001		
620150105	620150106		1	2015		
620150106	620150107		1	2015		
620150107	620150108		1	2001		
620150108	620150109		1	2015		
620150109	620150110		1	2001		
620150110	620150111		1	2015		
620150111	620150112		1	2001		
620150112			1	2015		
620150201			1	2015		
620150301	620150302		2			
620150302	620150303		1	2015		
620150303	620150304		1	2015		
620150304			1	2015		
620150401	620150402		2			
620150402			1	2015		
620020101	620020102		1	2002		
620020102			1	2002		
620020201	620020202		2			
620020202	620020203		1	2002		
620020203	620020204,620020208		1	2002		
620020204	620020205		2			
620020205	620020206		1	2002		
620020206	620020207		1	2002		
620020207			1	2002		
620020208	620020209		2			
620020209			1	2002		
620020301	620020302		2			
620020302			1	2002		
620050101			1	2005		
620050201	620050202		2			
620050202	620050203		1	2005		
620050203	620050204		1	2005		
620050204	620050205,620050208		1	2005		
620050205	620050206		2			
620050206	620050207		1	2005		
620050207			1	2005		
620050208	620050209		2			
620050209	620050210		1	2005		
620050210	620050211		1	2005		
620050211	620050212		1	2005		
620050212	620050213		1	2005		
620050213			1	2005		
620050301	620050302		2			
620050302			1	2005		
620160101			1	2016		
620160201	620160202		2			
620160202	620160203		1	2016		
620160203	620160204		1	2016		
620160204	620160205		1	2016		
620160205	620160206	1	2			
620160206	620160207		1	2016		
620160207	620160208		1	2016		
620160208	620160209,620160215		1	2016		
620160209	620160210		2			
620160210	620160211		1	2016		
620160211	620160212		1	2016		
620160212	620160213		1	2016		
620160213	620160214		1	2016		
620160214			1	2016		
620160215	620160216		2			
620160216	620160217		1	2016		
620160217			1	2016		
620160301	620160302		2			
620160302			1	2016		
620170101			1	2017		
620170201	620170202		2			
620170202	620170203		1	2017		
620170203	620170204		1	2017		
620170204	620170205		1	2017		
620170205	620170206		1	2017		
620170206	620170207,620170211		1	2017		
620170207	620170208		2			
620170208	620170209		1	2017		
620170209	620170210		1	2017		
620170210			1	2017		
620170211	620170212		2			
620170212			1	2017		
620170301	620170302		2			
620170302	620170303		1	2017		
620170303			1	2017		
620080101	620080102		1	2008		
620080102	620080103		1	2053		
620080103	620080104		1	2053		
620080104	620080105		1	2008		
620080105	620080106		1	2053		
620080106	620080107		1	2008		
620080107	620080108		1	2053		
620080108	620080109		1	2053		
620080109	620080110		1	2008		
620080110	620080111		1	2053		
620080111			1	2008		
620080201			1	2008		
620080301	620080302		2			
620080302	620080303		1	2008		
620080303	620080304		1	2008		
620080304			1	2008		
620080401	620080402		2			
620080402			1	2008		
620210101	620210102		1	2021		
620210102	620210103		1	2060		
620210103	620210104		1	2021		
620210104	620210105		1	2060		
620210105	620210106		1	2021		
620210106	620210107		1	2060		
620210107	620210108		1	2021		
620210108	620210109		1	2021		
620210109	620210110		1	2060		
620210110			1	2021		
620210201			1	2021		
620210301	620210302		2			
620210302	620210303		1	2021		
620210303	620210304		1	2021		
620210304			1	2021		
620210401	620210402		2			
620210402	620210403		1	2021		
620210403			1	2021		
620200101			1	2020		
620200201	620200202		2			
620200202			1	2020		
620200301	620200302		2			
620200302	620200303		1	2020		
620200303	620200304		1	2020		
620200304	620200305		1	2020		
620200305	620200306		1	2020		
620200306			1	2020		
620200401	620200402		2			
620200402	620200403		1	2020		
620200403	620200404		1	2020		
620200404	620200405		1	2020		
620200405	620200406		1	2020		
620200406			1	2020		
620200501	620200502		1	2020		
620200502			1	2020		
620220101			1	2022		
620220201	620220202		2			
620220202			1	2022		
620220301	620220302		2			
620220302	620220303		1	2022		
620220303	620220304		1	2022		
620220304	620220305		1	2022		
620220305			1	2022		
620220401	620220402		2			
620220402			1	2022		
620230101			1	2023		
620230201	620230202		2			
620230202	620230203		1	2023		
620230203	620230204		1	2023		
620230204	620230205	1	2			
620230205	620230206		1	2023		
620230206	620230207		1	2023		
620230207			1	2023		
620230301	620230302		2			
620230302			1	2023		
620230501			1	2023		
620230601	620230602		2			
620230602	620230603		1	2023		
620230603	620230604		1	2023		
620230604	620230605		1	2023		
620230605	620230606	1	2			
620230606	620230607		1	2023		
620230607	620230608		1	2023		
620230608	620230609		1	2023		
620230609	620230610		1	2023		
620230610	620230611		1	2023		
620230611	620230612	1	2			
620230612	620230613		1	2023		
620230613	620230614		1	2023		
620230614	620230615		1	2023		
620230615	620230616		1	2023		
620230616			1	2023		
620230701	620230702		2			
620230702			1	2023		
620630101			1	2063		
620630201	620630202		2			
620630202	620630203		1	2063		
620630203	620630204		1	2063		
620630204	620630205		1	2063		
620630205	620630206	1	2			
620630206	620630207		1	2063		
620630207	620630208		1	2063		
620630208	620630209		1	2063		
620630209	620630210		1	2063		
620630210	620630211	1	2			
620630211	620630212		1	2063		
620630212	620630213		1	2063		
620630213	620630214		1	2063		
620630214	620630215		1	2063		
620630215			1	2063		
620630301	620630302		2			
620630302			1	2063		
620910101			1	2091		
620910201	620910202		2			
620910202	620910203		1	2091		
620910203	620910204		2			
620910204	620910205		1	2091		
620910205			1	2091		
620910301	620910302		2			
620910302			1	2091		
620910401			1	2091		
620910501	620910502		2			
620910502	620910503		1	2091		
620910503	620910504		2			
620910504	620910505		1	2091		
620910505	620910506		1	2091		
620910506			1	2091		
620910601	620910602		2			
620910602			1	2091		
620120101			1	2012		
620120201	620120202		2			
620120202	620120203		1	2012		
620120203	620120204		1	2012		
620120204	620120205	1	2			
620120205	620120206		1	2012		
620120206			1	2012		
620120301	620120302		2			
620120302	620120303		1	2012		
620120303			1	2012		
620130101			1	2013		
620130201	620130202		2			
620130202			1	2013		
620130301	620130302		2			
620130302	620130303		1	2013		
620130303	620130304		1	2013		
620130304	620130305		1	2013		
620130305	620130306		1	2013		
620130306	620130307	1	2			
620130307	620130308		1	2013		
620130308	620130309		1	2013		
620130309	620130310		1	2013		
620130310			1	2013		
620130401	620130402		2			
620130402			1	2013		
120020401	120020402	1	2			
120020402	120020403		1	2013		
120020403			1	2013		
620260101			1	2026		
620260201	620260202		2			
620260202	620260203		1	2026		
620260203	620260204		1	2026		
620260204	620260205	1	2			
620260205	620260206		1	2026		
620260206	620260207		1	2026		
620260207	620260208	1	2			
620260208	620260209		1	2026		
620260209			1	2026		
620260301	620260302		2			
620260302			1	2026		
620260401			1	2026		
620260501	620260502		2			
620260502	620260503		1	2026		
620260503	620260504		1	2026		
620260504	620260505	1	2			
620260505	620260506		1	2026		
620260506	620260507		1	2026		
620260507	620260508		1	2026		
620260508	620260509	1	2			
620260509	620260510		1	2026		
620260510	620260511		1	2026		
620260511			1	2026		
620260601	620260602		2			
620260602			1	2026		
620270101	620270102		1	2027		
620270102	620270103		1	2028		
620270103	620270104		1	2027		
620270104	620270105		1	2028		
620270105	620270106		1	2027		
620270106			1	2028		
620290101			1	2029		
620290201	620290202		2			
620290202	620290203,620290209,620290214		1	2029		
620290203	620290204		2			
620290204	620290205		1	2029		
620290205	620290206		1	2029		
620290206	620290207		1	2029		
620290207	620290208		1	2029		
620290208			1	2029		
620290209	620290210		2			
620290210	620290211		1	2029		
620290211	620290212		1	2029		
620290212	620290213		1	2029		
620290213			1	2029		
620290214	620290215		2			
620290215	620290216		1	2029		
620290216	620290217		1	2029		
620290217	620290218		1	2029		
620290218			1	2029		
620290301	620290302		2			
620290302			1	2029		
620290401			1	2029		
620290501	620290502		2			
620290502	620290503		1	2029		
620290503	620290504		1	2029		
620290504	620290505		1	2029		
620290505			1	2029		
620290601	620290602		2			
620290602			1	2029		
620140101			1	2014		
620140201	620140202		2			
620140202	620140203		1	2014		
620140203	620140204		1	2014		
620140204	620140205		1	2014		
620140205			1	2014		
620140301	620140302		2			
620140302			1	2014		
620620101	620620102		1	1626		
620620102	620620103		1	2062		
620620103	620620104		1	1626		
620620104	620620105		1	1626		
620620105	620620106		1	2062		
620620106	620620107		1	1626		
620620107	620620108		1	2062		
620620108	620620109		1	1626		
620620109	620620110		1	1626		
620620110	620620111		1	2062		
620620111	620620112		1	1626		
620620112	620620113		1	2062		
620620113			1	2062		
616270101	616270102		1	1627		
616270102			1	1627		
616270201	616270202		2			
616270202	616270203		1	1627		
616270203	616270204		1	1627		
616270204	616270205		1	1627		
616270205			1	1627		
616270301	616270302		2			
616270302	616270303		1	1627		
616270303	616270304		1	1627		
616270304	616270305		1	1627		
616270305	616270306		1	1627		
616270306	616270307		1	1627		
616270307			1	1627		
616270401	616270402		2			
616270402			1	1627		
620730101			1	2073		
620730201	620730202		2			
620730202	620730203		1	2073		
620730203			1	2073		
620730301	620730302		2			
620730302	620730303		1	2073		
620730303	620730304		1	2073		
620730304			1	2073		
620730401	620730402		2			
620730402			1	2073		
620730501			1	2073		
620730601	620730602		2			
620730602	620730603		1	2073		
620730603	620730604		1	2073		
620730604			1	2073		
620840101			1	2084		
620840201	620840202		2			
620840202	620840203		1	2084		
620840203	620840204	1	2			
620840204	620840205		1	2084		
620840205	620840206		1	2084		
620840206	620840207,620840213		1	2084		
620840207	620840208		2			
620840208	620840209		1	2084		
620840209	620840210		1	2084		
620840210	620840211		1	2084		
620840211	620840212		1	2084		
620840212			1	2084		
620840213	620840214		2			
620840214	620840215		1	2084		
620840215	620840216		1	2084		
620840216	620840217		1	2084		
620840217	620840218		1	2084		
620840218			1	2084		
620840301	620840302		2			
620840302			1	2084		
620540101	620540102		1	2054		
620540102			1	2054		
620540201	620540202		2			
620540202	620540203		1	2054		
620540203	620540204		1	2054		
620540204	620540205		1	2054		
620540205	620540206		1	2054		
620540206			1	2054		
620540301	620540302		2			
620540302	620540303		1	2054		
620540303	620540304		1	2054		
620540304	620540305		1	2054		
620540305	620540306		1	2054		
620540306			1	2054		
620540401	620540402		2			
620540402			1	2054		
620440101			1	2044		
620440201	620440202		2			
620440202	620440203		1	2044		
620440203	620440204		1	2044		
620440204	620440205		1	2044		
620440205	620440206		1	2044		
620440206	620440207		1	2044		
620440207			1	2044		
620440301	620440302		2			
620440302	620440303		1	2044		
620440303	620440304		1	2044		
620440304			1	2044		
620440401	620440402		2			
620440402			1	2044		
620330101			1	2033		
620330201	620330202		2			
620330202	620330203		1	2033		
620330203	620330204		1	2033		
620330204	620330205		1	2033		
620330205	620330206		1	2033		
620330206			1	2033		
620330301	620330302		2			
620330302	620330303		1	2033		
620330303	620330304		1	2033		
620330304			1	2033		
620330401	620330402		2			
620330402			1	2033		
620830101			1	2083		
620830201	620830202		2			
620830202	620830203		1	2083		
620830203	620830204		1	2083		
620830204	620830205		1	2083		
620830205	620830206		1	2083		
620830206	620830207	1	2			
620830207	620830208		1	2083		
620830208	620830209		1	2083		
620830209			1	2083		
620830301	620830302		2			
620830302			1	2083		
620360101			1	2036		
620360201	620360202		2			
620360202	620360203		1	2036		
620360203	620360204		1	2036		
620360204	620360205		1	2036		
620360205			1	2036		
620360301	620360302		2			
620360302	620360303		1	2036		
620360303	620360304		1	2036		
620360304	620360305		1	2036		
620360305	620360306		1	2036		
620360306	620360307		1	2036		
620360307			1	2036		
620360401	620360402		2			
620360402			1	2036		
620360501			1	2036		
620360601	620360602		2			
620360602	620360603		1	2036		
620360603	620360604		1	2036		
620360604	620360605		1	2036		
620360605			1	2036		
620360701	620360702		2			
620360702			1	2036		
620760101			1	2076		
620760201	620760202		2			
620760202	620760203		1	2076		
620760203	620760204		1	2076		
620760204	620760205		1	2076		
620760205			1	2076		
620760301	620760302		2			
620760302	620760303		1	2076		
620760303	620760304		1	2076		
620760304			1	2076		
620760401	620760402		2			
620760402			1	2076		
620550101			1	2055		
620550201	620550202		2			
620550202	620550203		1	2055		
620550203	620550204		1	2055		
620550204	620550205		1	2055		
620550205			1	2055		
620550301	620550302		2			
620550302	620550303		1	2055		
620550303	620550304		1	2055		
620550304	620550305		1	2055		
620550305	620550306		1	2055		
620550306			1	2055		
620550401	620550402		2			
620550402			1	2055		
620550501			1	2055		
620550601	620550602		2			
620550602	620550603		1	2055		
620550603	620550604		1	2055		
620550604	620550605		1	2055		
620550605	620550606		1	2055		
620550606			1	2055		
620550701	620550702		2			
620550702			1	2055		
620740101	620740102		1	2074		
620740102	620740103		1	2031		
620740103	620740104		1	2074		
620740104	620740105		1	2030		
620740105	620740106		1	2074		
620740106	620740107		1	2030		
620740107	620740108		1	2074		
620740108	620740109		1	2030		
620740109	620740110		1	2030		
620740110	620740111		1	2074		
620740111	620740112		1	2030		
620740112	620740113		1	2031		
620740113	620740114		1	2030		
620740114	620740115		1	2031		
620740115			1	2074		
620030101	620030102		1	2003		
620030102			1	2003		
620030201	620030202		2			
620030202	620030203		1	2003		
620030203	620030204		1	2003		
620030204	620030205		1	2003		
620030205			1	2003		
620030301	620030302		2			
620030302	620030303		1	2003		
620030303	620030304		1	2003		
620030304	620030305		1	2003		
620030305	620030306		1	2003		
620030306	620030307		1	2003		
620030307	620030308	1	2			
620030308	620030309		1	2003		
620030309	620030310		1	2003		
620030310	620030311		1	2003		
620030311	620030312		1	2003		
620030312	620030313		1	2003		
620030313	620030314	1	2			
620030314	620030315		1	2003		
620030315	620030316		1	2003		
620030316			1	2003		
620030401	620030402		2			
620030402	620030403		1	2003		
620030403			1	2003		
620770101			1	2077		
620770201	620770202		2			
620770202	620770203		1	2077		
620770203	620770204		1	2077		
620770204	620770205	1	2			
620770205	620770206		1	2077		
620770206	620770207		1	2077		
620770207	620770208		1	2077		
620770208	620770209		1	2077		
620770209	620770210		1	2077		
620770210			1	2077		
620770301	620770302		2			
620770302	620770303		1	2077		
620770303	620770304		1	2077		
620770304			1	2077		
620770401	620770402		2			
620770402			1	2077		
620040101			1	2004		
620040201	620040202		2			
620040202	620040203		1	2004		
620040203	620040204	1	2			
620040204	620040205		1	2004		
620040205	620040206		1	2004		
620040206			1	2004		
620040301	620040302		2			
620040302	620040303		1	2004		
620040303	620040304		1	2004		
620040304	620040305		1	2004		
620040305			1	2004		
620040401	620040402		2			
620040402			1	2004		
620040501			1	2004		
620040601	620040602		2			
620040602			1	2004		
620040701	620040702		2			
620040702	620040703		1	2004		
620040703			1	2004		
620040801	620040802		2			
620040802			1	2004		
620400101	620400102		1	2040		
620400102	620400103		1	2079		
620400103	620400104		1	2040		
620400104	620400105		1	2040		
620400105	620400106		1	2079		
620400106	620400107		1	2040		
620400107	620400108		1	2079		
620400108	620400109		1	2040		
620400109	620400110		1	2040		
620060101			1	2006		
620060201	620060202		2			
620060202	620060203		1	2006		
620060203			1	2006		
620060301	620060302		2			
620060302	620060303		1	2006		
620060303	620060304		1	2006		
620060304	620060305		1	2006		
620060305			1	2006		
620060401	620060402		2			
620060402			1	2006		
620920101			1	2092		
620920201	620920202		2			
620920202	620920203		1	2092		
620920203	620920204		1	2092		
620920204	620920205	1	2			
620920205	620920206		1	2092		
620920206			1	2092		
620920301	620920302		2			
620920302			1	2092		
620180101	620180102		1	2007		
620180102	620180103		1	2018		
620180103	620180104		1	2007		
620180104	620180105		1	2018		
620180105	620180106		1	2007		
620180106	620180107		1	2018		
620180107	620180108		1	2007		
620180108	620180109		1	2018		
620180109			1	2007		
620070501			1	2007		
620070601	620070602		2			
620070602	620070603		1	2007		
620070603	620070604		1	2007		
620070604	620070605		1	2007		
620070605	620070606		1	2007		
620070606			1	2007		
620070701	620070702		2			
620070702	620070703		1	2007		
620070703			1	2007		
620070801	620070802		2			
620070802			1	2007		
620090101			1	2009		
620090201	620090202		2			
620090202	620090203		1	2009		
620090203	620090204		1	2009		
620090204			1	2009		
620090301	620090302		2			
620090302	620090303		1	2009		
620090303	620090304		1	2009		
620090304	620090305		1	2009		
620090305	620090306		1	2009		
620090306	620090307		1	2009		
620090307	620090308	1	2			
620090308	620090309		1	2009		
620090309	620090310		1	2009		
620090310	620090311		1	2009		
620090311			1	2009		
620090401	620090402		2			
620090402			1	2009		
620100101			1	2010		
620100201	620100202		2			
620100202	620100203		1	2010		
620100203	620100204		1	2010		
620100204	620100205		1	2010		
620100205	620100206		1	2010		
620100206	620100207	1	2			
620100207	620100208		1	2010		
620100208	620100209		1	2010		
620100209	620100210		1	2010		
620100210	620100211		1	2010		
620100211	620100212	1	2			
620100212	620100213		1	2010		
620100213	620100214		1	2010		
620100214	620100215		1	2010		
620100215			1	2010		
620100301	620100302		2			
620100302			1	2010		
620110101			1	2011		
620110201	620110202		2			
620110202	620110203		1	2011		
620110203	620110204	1	2			
620110204			1	2011		
620110301	620110302		2			
620110302	620110303		1	2011		
620110303	620110304		1	2011		
620110304	620110305		1	2011		
620110305			1	2011		
620110401	620110402		2			
620110402			1	2011		
620110501			1	2011		
620110601	620110602		2			
620110602	620110603		1	2011		
620110603			1	2011		
620110701	620110702		2			
620110702	620110703		1	2011		
620110703	620110704		1	2011		
620110704	620110705		1	2011		
620110705	620110706		1	2011		
620110706	620110707		1	2011		
620110707			1	2011		
620110801	620110802		2			
620110802			1	2011		
620250101			1	2025		
620250201	620250202		2			
620250202	620250203,620250206		1	2025		
620250203	620250204		2			
620250204	620250205		1	2025		
620250205			1	2025		
620250206	620250207		2			
620250207	620250208		1	2025		
620250208	620250209		1	2025		
620250209	620250210		1	2025		
620250210	620250211		1	2025		
620250211			1	2025		
620250301	620250302		2			
620250302			1	2025		
620930101			1	2093		
620930201	620930202		2			
620930202	620930203		1	2093		
620930203			1	2093		
620930301	620930302		2			
620930302	620930303		1	2093		
620930303	620930304		1	2093		
620930304	620930305		1	2093		
620930305	620930306		1	2093		
620930306	620930307	1	2			
620930307	620930308		1	2093		
620930308	620930309		1	2093		
620930309	620930310		1	2093		
620930310	620930311		1	2093		
620930311			1	2093		
620930401	620930402		2			
620930402	620930403		1	2093		
620930403			1	2093		
620900101			1	2090		
620900201	620900202		2			
620900202			1	2090		
620900301	620900302		2			
620900302	620900303		1	2090		
620900303	620900304		1	2090		
620900304	620900305	1	2			
620900305	620900306		1	2090		
620900306			1	2090		
620900401	620900402		2			
620900402	620900403		1	2090		
620900403	620900404		1	2090		
620900404	620900405		1	2090		
620900405			1	2090		
620900501	620900502		2			
620900502			1	2090		
120020501	120020502	1	2			
120020502			1	2090		
620720101			1	2072		
620720201	620720202		2			
620720202	620720203		1	2072		
620720203	620720204		1	2072		
620720204			1	2072		
620720301	620720302		2			
620720302	620720303		1	2072		
620720303	620720304		1	2072		
620720304	620720305		1	2072		
620720305	620720306		1	2072		
620720306	620720307		1	2072		
620720307			1	2072		
620720401	620720402		2			
620720402			1	2072		
120020601	120020602	1	2			
120020602	120020603		1	2072		
120020603			1	2072		
624280101			1	2428		
624280201	624280202		2			
624280202	624280203		1	2428		
624280203	624280204,624280206		1	2428		
624280204	624280205		2			
624280205			1	2428		
624280206	624280207		2			
624280207	624280208		1	2428		
624280208			1	2428		
624280301	624280302		2			
624280302			1	2428		
624290101	624290102		1	2429		
624290102			1	2429		
624290201	624290202		2			
624290202	624290203		1	2429		
624290203	624290204		1	2429		
624290204	624290205		1	2429		
624290205	624290206	1	2			
624290206	624290207		1	2429		
624290207	624290208		1	2429		
624290208			1	2429		
624290301	624290302		2			
624290302			1	2429		
624240101	624240102		1	2424		
624240102			1	2424		
624240201	624240202		2			
624240202	624240203		1	2424		
624240203	624240204		1	2424		
624240204	624240205,624240211		1	2424		
624240205	624240206		2			
624240206	624240207		1	2424		
624240207	624240208		1	2424		
624240208	624240209		1	2424		
624240209	624240210		1	2424		
624240210			1	2424		
624240211	624240212		2			
624240212	624240213		1	2424		
624240213	624240214		1	2424		
624240214	624240215		1	2424		
624240215			1	2424		
624240301	624240302		2			
624240302			1	2424		
624250101	624250102		1	2425		
624250102			1	2425		
624250201	624250202		2			
624250202	624250203		1	2425		
624250203	624250204		1	2425		
624250204	624250205		1	2425		
624250205	624250206	1	2			
624250206	624250207		1	2425		
624250207	624250208		1	2425		
624250208	624250209		1	2425		
624250209			1	2425		
624250301	624250302		2			
624250302	624250303		1	2425		
624250303	624250304		1	2425		
624250304	624250305		1	2425		
624250305	624250306		1	2425		
624250306			1	2425		
624250401	624250402		2			
624250402			1	2425		
624310101			1	2431		
624310201	624310202		2			
624310202	624310203		1	2431		
624310203	624310204		1	2431		
624310204	624310205		1	2431		
624310205			1	2431		
624310301	624310302		2			
624310302			1	2431		
624320101			1	2432		
624320201	624320202		2			
624320202	624320203		1	2432		
624320203	624320204		1	2432		
624320204	624320205		1	2432		
624320205	624320206		1	2432		
624320206			1	2432		
624320301	624320302		2			
624320302			1	2432		
620940101	620940102		1	2094		
620940102			1	2094		
620940201	620940202		2			
620940202	620940203		1	2094		
620940203	620940204		1	2094		
620940204			1	2094		
620940301	620940302		2			
620940302	620940303		1	2094		
620940303	620940304		1	2094		
620940304			1	2094		
620940401	620940402		2			
620940402			1	2094		
620780101			1	2078		
620780201	620780202		2			
620780202	620780203		1	2078		
620780203	620780204		1	2078		
620780204	620780205		1	2078		
620780205	620780206	1	2			
620780206	620780207		1	2078		
620780207	620780208		1	2078		
620780208	620780209		1	2078		
620780209			1	2078		
620780301	620780302		2			
620780302			1	2078		
620780401			1	2078		
620780501			1	2078		
620480101			1	2048		
620480201	620480202		2			
620480202			1	2048		
620480301	620480302		2			
620480302	620480303		1	2048		
620480303	620480304		1	2048		
620480304	620480305		1	2048		
620480305			1	2048		
620480401	620480402		2			
620480402	620480403		1	2048		
620480403	620480404		1	2048		
620480404	620480405		1	2048		
620480405	620480406		1	2048		
620480406			1	2048		
620480501	620480502		2			
620480502			1	2048		
620480601	620480602		2			
620480602			1	2048		
620480701	620480702		1	2048		
620480702			1	2048		
623100101	623100102		1	2310		
623100102			1	2310		
623100201	623100202		2			
623100202	623100203		1	2310		
623100203	623100204		1	2310		
623100204			1	2310		
623100301	623100302		2			
623100302	623100303		1	2310		
623100303	623100304		1	2310		
623100304	623100305		1	2310		
623100305	623100306,623100311		1	2310		
623100306	623100307		2			
623100307	623100308		1	2310		
623100308	623100309		1	2310		
623100309	623100310		1	2310		
623100310			1	2310		
623100311	623100312		2			
623100312	623100313		1	2310		
623100313	623100314		1	2310		
623100314	623100315		1	2310		
623100315			1	2310		
623100401	623100402		2			
623100402			1	2310		
616280101			1	1628		
616280201	616280202		2			
616280202	616280203		1	1628		
616280203	616280204		1	1628		
616280204	616280205		1	1628		
616280205	616280206		1	1628		
616280206	616280207		1	1628		
616280207	616280208	1	2			
616280208	616280209		1	1628		
616280209	616280210		1	1628		
616280210	616280211		1	1628		
616280211	616280212		1	1628		
616280212			1	1628		
616280301	616280302		2			
616280302			1	1628		
620410101	620410102		1	2041		
620410102	620410103		1	2041		
620410103			1	2041		
620410201	620410202		2			
620410202	620410203		1	2041		
620410203	620410204,620410208		1	2041		
620410204	620410205		2			
620410205	620410206		1	2041		
620410206	620410207		1	2041		
620410207			1	2041		
620410208	620410209		2			
620410209	620410210		1	2041		
620410210	620410211		1	2041		
620410211			1	2041		
620410301	620410302		2			
620410302			1	2041		
620420101	620420102		1	2042		
620420102			1	2042		
620420201	620420202		2			
620420202	620420203		1	2042		
620420203	620420204		1	2042		
620420204	620420205		1	2042		
620420205	620420206		1	2042		
620420206	620420207		1	2042		
620420207	620420208	1	2			
620420208	620420209		1	2042		
620420209	620420210		1	2042		
620420210	620420211		1	2042		
620420211			1	2042		
620420301	620420302		2			
620420302	620420303		1	2042		
620420303			1	2042		
620500101	620500102		1	2050		
620500102			1	2050		
620500201	620500202		2			
620500202	620500203		1	2050		
620500203	620500204		1	2050		
620500204	620500205		1	2050		
620500205	620500206	1	2			
620500206	620500207		1	2050		
620500207	620500208		1	2050		
620500208	620500209		1	2050		
620500209	620500210		1	2050		
620500210			1	2050		
620500301	620500302		2			
620500302	620500303		1	2050		
620500303			1	2050		
620850101	620850102		1	2085		
620850102			1	2085		
620850201	620850202		2			
620850202	620850203		1	2085		
620850203	620850204		1	2085		
620850204	620850205	1	2			
620850205	620850206		1	2085		
620850206	620850207		1	2085		
620850207	620850208		1	2085		
620850208	620850209		1	2085		
620850209			1	2085		
620850301	620850302		2			
620850302			1	2085		
620850501	620850502		1	2085		
620850502			1	2085		
620850601	620850602		2			
620850602	620850603		1	2085		
620850603	620850604		1	2085		
620850604			1	2085		
620850701	620850702		2			
620850702	620850703		1	2085		
620850703	620850704		1	2085		
620850704	620850705		1	2085		
620850705	620850706		1	2085		
620850706			1	2085		
620850801	620850802		2			
620850802	620850803		1	2085		
620850803			1	2085		
620560101	620560102		1	2056		
620560102			1	2056		
620560201	620560202		2			
620560202	620560203		1	2056		
620560203	620560204		1	2056		
620560204	620560205		1	2056		
620560205			1	2056		
620560301	620560302		2			
620560302	620560303		1	2056		
620560303	620560304		1	2056		
620560304	620560305		1	2056		
620560305	620560306		1	2056		
620560306	620560307		1	2056		
620560307	620560308		1	2056		
620560308	620560309		1	2056		
620560309			1	2056		
620560401	620560402		2			
620560402	620560403		1	2056		
620560403			1	2056		
620570101	620570102		1	2057		
620570102			1	2057		
620570201	620570202		2			
620570202	620570203		1	2057		
620570203	620570204		1	2057		
620570204	620570205		1	2057		
620570205	620570206,620570211		1	2057		
620570206	620570207		2			
620570207	620570208		1	2057		
620570208	620570209		1	2057		
620570209	620570210		1	2057		
620570210			1	2057		
620570211	620570212		2			
620570212	620570213		1	2057		
620570213	620570214		1	2057		
620570214	620570215		1	2057		
620570215	620570216		1	2057		
620570216			1	2057		
620570301	620570302		2			
620570302	620570303		1	2057		
620570303			1	2057		
620580101			1	2058		
620580201	620580202		2			
620580202	620580203		1	2058		
620580203	620580204		1	2058		
620580204	620580205		1	2058		
620580205	620580206		1	2058		
620580206	620580207	1	2			
620580207	620580208		1	2058		
620580208	620580209		1	2058		
620580209	620580210		1	2058		
620580210			1	2058		
620580301	620580302		2			
620580302			1	2058		
620870101			1	2087		
620870201	620870202		2			
620870202			1	2087		
620870301	620870302		2			
620870302	620870303		1	2087		
620870303	620870304		1	2087		
620870304	620870305		1	2087		
620870305			1	2087		
620870401	620870402		2			
620870402			1	2087		
620640101			1	2064		
620640201	620640202		2			
620640202	620640203		1	2064		
620640203	620640204		1	2064		
620640204	620640205		1	2064		
620640205	620640206		1	2064		
620640206	620640207		1	2064		
620640207	620640208		1	2064		
620640208			1	2064		
620640301	620640302		2			
620640302	620640303		1	2064		
620640303	620640304		1	2064		
620640304			1	2064		
620640401	620640402		2			
620640402			1	2064		
620650101			1	2065		
620650201	620650202		2			
620650202	620650203		1	2065		
620650203	620650204		1	2065		
620650204	620650205		1	2065		
620650205			1	2065		
620650301	620650302		2			
620650302			1	2065		
620690101	620690102		1	2069		
620690102			1	2069		
620690201	620690202		2			
620690202	620690203		1	2069		
620690203	620690204		1	2069		
620690204			1	2069		
620690301	620690302		2			
620690302	620690303		1	2069		
620690303	620690304		1	2069		
620690304	620690305		1	2069		
620690305	620690306		1	2069		
620690306			1	2069		
620690401	620690402		2			
620690402	620690403		1	2069		
620690403			1	2069		
620700101			1	2070		
620700201	620700202		2			
620700202	620700203		1	2070		
620700203			1	2070		
620700301	620700302		2			
620700302	620700303		1	2070		
620700303	620700304		1	2070		
620700304	620700305		1	2070		
620700305	620700306		1	2070		
620700306			1	2070		
620700401	620700402		2			
620700402			1	2070		
620710101			1	2071		
620710201	620710202		2			
620710202	620710203		1	2071		
620710203	620710204	1	2			
620710204	620710205		1	2071		
620710205	620710206		1	2071		
620710206	620710207		1	2071		
620710207			1	2071		
620710301	620710302		2			
620710302			1	2071		
620450101			1	2045		
620450201	620450202		2			
620450202			1	2045		
620450301	620450302		2			
620450302	620450303,620450308		1	2045		
620450303	620450304		1	2045		
620450304	620450305		1	2045		
620450305	620450306		1	2045		
620450306	620450307		1	2045		
620450307	620450308		1	2045		
620450308	620450309		1	2045		
620450309	620450310		1	2045		
620450310	620450311		1	2045		
620450311	620450312		1	2045		
620450312	620450313		1	2045		
620450313			1	2045		
620450401	620450402		2			
620450402			1	2045		
1022110100			1	2211		
