ID	组ID	羁绊等级	角色等级ID	任务ID	故事标题$text_name_Title	故事内容$text_name_Story	语音标题$text_name_Audio	语音文件	奖励原石	奖励摩拉	解锁道具1ID	解锁道具1数量	解锁道具2ID	解锁道具2数量
1	1	2			吃多了	每天都要纠结吃什么，有点难					108005	5		
2	1	3			羁绊2	羁绊描述羁绊描述1			50					
3	1	4					这点程度…	1		5000				
4	1		10				可恶…	2			104001	5	100001	5
5	1			355			你会付出代价。	3			108005	5		
1001	100		1		暂未开放	暂未开放								
1002	1		10		暂未开放	暂未开放								
1003	1		20		暂未开放	暂未开放								
1004	1		30		暂未开放	暂未开放								
1005	1		40		暂未开放	暂未开放								
2001	1		5		暂未开放	暂未开放								
2002	1		10		暂未开放	暂未开放								
2003	1		20		暂未开放	暂未开放								
2004	1		30		暂未开放	暂未开放								
2005	1		40		暂未开放	暂未开放								
3001	1	1			暂未开放	暂未开放								
3002	1	2			暂未开放	暂未开放								
3003	1	3			暂未开放	暂未开放								
3004	1	4			暂未开放	暂未开放								
3005	1	5			暂未开放	暂未开放								
3006	1	6			暂未开放	暂未开放								
3100	7	1					初次见面…	1000						
3101	7	1					早上好…	1001						
3102	7	1					中午好…	1002						
3103	7	1					晚上好…	1003						
3104	7	1					晚安…	1004						
3105	7	1					闲聊·安定	1101						
3106	7	1					闲聊·剑	1102						
3107	7	1					闲聊·出神	1103						
3108	7	1					下雨的时候…	1201						
3109	7	1					打雷的时候…	1202						
3110	7	1					阳光很好…	1203						
3111	7	1					起风的时候…	1204						
3112	7	1					关于绫华自己…	2001						
3113	7	1					关于我们·「雷电五传」	2002						
3114	7	6					关于我们·巫女	2003						
3115	7	4					关于「神之眼」…	3001						
3116	7	1					有什么想要分享…	3002						
3117	7	1					感兴趣的见闻…	3003						
3118	7	4					关于托马…	4001						
3119	7	4					关于九条裟罗…	4002						
3120	7	4					关于早柚…	4003						
3121	7	4					关于八重樱…	4004						
3122	7	4					关于绫人…	4005						
3123	7	4					关于宵宫…	4006						
3124	7	1					想要了解绫华·其一	5001						
3125	7	3					想要了解绫华·其二	5002						
3126	7	4					想要了解绫华·其三	5003						
3127	7	5					想要了解绫华·其四	5004						
3128	7	6					想要了解绫华·其五	5005						
3129	7	1					绫华的爱好…	6001						
3130	7	1					绫华的烦恼…	6002						
3131	7	1					喜欢的食物…	6003						
3132	7	1					讨厌的食物…	6004						
3133	1	1					生日…	7001						
3134	7	3					突破的感受·起	8001						
3135	7	4					突破的感受·承	8002						
3136	7	5					突破的感受·转	8003						
3137	7	6					突破的感受·合	8004						
4001	8	1			角色详细	西风骑士团是守护蒙德的剑与盾。\n除了清扫荒野的魔物、守护城市与道路安全之外，骑士团最重要的工作是维护蒙德的秩序。\n虽说蒙德是自由之都，但无边际的散漫只会带来混沌与彷徨。\n琴非常明白这一道理，所以才坚持严谨刻苦的作风，以最严苛的要求对待自己。\n——然后一不留神，就在月初消耗完了当月所有的咖啡配额。								
4002	8	2			角色故事1	古恩希尔德家族是古老的骑士家族。据说自第一篇史诗写成之日，就已开始守护蒙德。\n但历史悠久的血脉必然伴随着沉重负担。琴自幼便被母亲作为骑士道继承者培养。\n象征骑士风度的形体、礼仪，锻造骑士灵魂的历史、诗歌，武装骑士精神的剑艺、体能……琴全都要训练。唯有如此，才能实践古恩希尔德的家训：「永护蒙德」。\n早年的酒馆里有这样一句玩笑话：古恩希尔德家族的长子长女，在学会喊「妈妈」之前，就已能够念出「永护蒙德」。\n从《林间风故事拔萃》抬起头，看见同龄孩子举着风车欢笑着跑过窗前。小小的琴，自然是明白其中含义的。\n而如今，从累牍公文中抬起头，看见蒙德的未来举着风车欢笑着跑过街道。代理团长大人对从前那些岁月依然毫无悔恨。\n「这是正确的事。无论多辛苦，正确的事就应全力以赴。」								
4003	8	3			角色故事2	「琴团长十分可靠。」\n「若是遇到难题，找她帮忙一定没错。」\n在蒙德，骑士和民众都十分仰赖琴。\n如果有人需要帮助，事情又合乎道理，那她一定会出手相助。\n即使是街市上的小口角，即使是恋爱的渺小烦恼…\n即使与骑士团的本职工作毫无关系，只要有人对琴开口，琴就会对他们伸出援手。\n「要问原因的话——帮助受困之人，不正是骑士职责所在吗？」\n对她而言，骑士的职责先于「代理团长」的勤务。对她而言，亲手帮助有需要的人最为实在。\n这也是她对麾下骑士的要求。\n图书管理员丽莎曾经劝琴放松，「应该适当享受淑女的下午茶时光」。\n可对琴来说，骑士的职责先于淑女的身份。\n「琴团长十分可靠。」\n人们一如既往地给予她这一评价。\n令她烦恼的是，一天时间只有那么多。即使牺牲睡眠，也无法帮助所有人。\n要成为可靠的人，需要付出难以想象的努力。								
4004	8	4			角色故事3 	琴代行团长职责的如今，不少人已经忘记在她之上仍有一位「大团长」。\n而她本人从未在意过这种事。骑士团内的地位与称号丝毫不会影响她行事的原则。\n热忱、正直与一丝不苟，琴身上这些优良品质有两大来源。\n其一是自幼接受的教育和训练已将骑士道精神深深植入她灵魂深处。\n其二是现已缺席的西风骑士团团长法尔伽对她悉心教导。\n洒脱而散漫的北风骑士法尔伽，他给琴的成长带来了巨大影响。\n「大团长，请您认真对待工作，直面蒙德对您的期待。」\n「小姑娘，你是我的副手，为我分担工作天经地义。这样大团长才有精力做更重要的事啊。」\n「……」\n他是征服与创造传奇的骑士，而她是守护和平与自由的骑士。\n琴并不讨厌法尔伽。法尔伽的行事风格或许有其独到之处。琴需要完成的，是那些大团长没完成的正确之事。\n半年前，法尔伽率领西风骑士中的精锐再一次离开蒙德，踏上远征之路。\n远征——这是很符合大团长风格的冒险。\n「骑士团就交给你了。反正这些年也是你在做团长的工作。」\n「放心交给我吧，大团长。」\n站在窗前目送团长的她心想：\n等你回来，将会见到一座更加温暖、繁荣、平和的蒙德城。								
4005	8	5			角色故事4	风起地的神树，是初代「蒲公英骑士」道路的终点。\n据记载，建立西风骑士团、重振蒙德的初代蒲公英骑士温妮莎，曾在生命结束之刻来到此地。\n她永别了衷心守护的城邦，留下传奇与一株树苗。\n这株树苗在千风的眷顾中，在无数的日月照耀下，成长为参天巨木。\n琴十五岁时获授「蒲公英骑士」之名。\n蒲公英骑士又名狮牙骑士。它随骑士团制度一同沿袭至今，是最杰出的骑士才能获得的荣誉。\n那日授衔仪式结束后，琴从庆祝活动中悄然离开，追随着一直憧憬的英雄骑士的脚步，来到那棵大树前。\n「蒲公英骑士」之名象征着温妮莎的抗争与仁爱。自己如何能拥有资格，来继承如此伟大的称号？\n蒙德城重建至今已逾千年。自己何德何能，能守护这座古老、自由、骄傲的城邦？\n隐藏在稳重成熟外表下的，是一颗刚刚完成骑士礼，尚未做好准备的少女之心。\n风从远方吹来，将骑士拥入怀中，轻柔地拂去她的疑虑与不安，展露出黄金般的决心：\n「永护蒙德」。\n——成为温妮莎那样温柔坚定的战士，为同胞战斗，为自由抗争。这便是那句简明严厉的家训中蕴含的心意吧。\n如今，每当感到疲惫动摇，琴仍会来到这棵树下，接受风的洗礼。风洗净她的困顿，令她重拾前行的力量。\n风起地的神树是初代「狮牙骑士」道路的终点。\n同时，也是「蒲公英骑士」琴的起点。								
4006	8	6			角色故事5	暂未开放								
4007	8	1			琴团长生活作息表·第十七版	暂未开放								
4008	8	1			神之眼	暂未开放								
4100	8	1					初次见面…	1000						
4101	8	1					早上好…	1001						
4102	8	1					中午好…	1002						
4103	8	1					晚上好…	1003						
4104	8	1					晚安…	1004						
4105	8	1					闲聊·行动	1101						
4106	8	1					闲聊·骑士团	1102						
4107	8	1					闲聊·目标	1103						
4108	8	1					下雨的时候…	1201						
4109	8	1					雨过天晴…	1202						
4110	8	1					下雪的时候…	1203						
4111	8	1					起风的时候…	1204						
4112	8	1					刮大风了…	1205						
4113	8	1					关于琴自己…	2001						
4114	8	1					关于我们·信条	2002						
4115	8	6					关于我们·誓言	2003						
4116	8	6					关于我们·任务	2004						
4117	8	4					关于「神之眼」…	3001						
4118	8	1					有什么想要分享…	3002						
4119	8	1					感兴趣的见闻…	3003						
4120	8	4					关于芭芭拉…	4001						
4121	8	4					关于丽莎…	4002						
4122	8	4					关于安柏…	4003						
4123	8	4					关于凯亚…	4004						
4124	8	4					关于可莉…	4005						
4125	8	4					关于阿贝多…	4006						
4126	8	4					关于法尔伽…	4007						
4127	8	4					关于诺艾尔…	4008						
4128	8	4					关于罗莎莉亚…	4009						
4129	8	4					关于迪卢克·愧欠	4010						
4130	8	4					关于迪卢克·钦佩	4011						
4131	8	1					想要了解琴·其一	5001						
4132	8	3					想要了解琴·其二	5002						
4133	8	4					想要了解琴·其三	5003						
4134	8	5					想要了解琴·其四	5004						
4135	8	6					想要了解琴·其五	5005						
4136	8	1					琴的爱好…	6001						
4137	8	1					琴的烦恼…	6002						
4138	8	1					喜欢的食物…	6003						
4139	8	1					讨厌的食物…	6004						
4140	1	1					生日…	7001						
4141	8	3					突破的感受·起	8001						
4142	8	4					突破的感受·承	8002						
4143	8	5					突破的感受·转	8003						
4144	8	6					突破的感受·合	8004						
5001	9	1			角色详细	西风骑士团的图书管理员，胸怀万卷的优雅淑女。\n据说她是须弥教令院两百年一遇的天才魔女。\n虽然不知道具体理由，但在须弥国进修两年之后，她最终回到了蒙德。\n目前，丽莎在西风骑士团工作，职位是管理骑士团藏书的图书管理员。								
5002	9	2			角色故事1	丽莎的职责，一是整理图书馆中大量藏书，二是保障骑士团的药剂供应。\n蒙德人遇见丽莎的场合，不是去骑士团总部借阅图书，就是去骑士团总部归还图书。\n而丽莎往往会懒洋洋地坐在接待台，打着哈欠帮来客进行登记。\n有时，她的工作状态会让人产生「图书管理员这样子真的没问题吗…」的疑问。\n但丽莎的工作总是完美无缺，挑不出一点纰漏。								
5003	9	3			角色故事2	作为须弥教令院学者居勒什口中「两百年一见」的高材生，丽莎的博学毋须多言。\n无论是荒野妖魔的禁忌知识，还是元素花药的处理方法，抑或是只用两层瓷碗便能减少一次蒸馏过程的酿酒方法…\n丽莎都能简明易懂地解释个中原理，以至于年轻骑士与炼金术士中形成了「丽莎女士一定知道」的共识。\n当然，前提是你要在合适的时间去拜访她。\n如果不小心在上午的回笼觉时间，或者午饭后的茶点时间打扰丽莎，后果可是不堪设想的。								
5004	9	4			角色故事3	初见丽莎的人往往对会她形成「不愧是教令院天才毕业生」的第一印象。\n但实际上，她在生活态度上与其说高效，不如说单纯是因为怕麻烦而倾向于能懒则懒。\n药剂的调配和补充用度的工作通过凯亚丢给了霍夫曼和斯万，每天的药草则是让芙罗拉差唐娜送来。\n唯独书籍跟档案的整理丽莎是必须亲力亲为的。\n只有亲自管理这些知识，丽莎才会安心。								
5005	9	5			角色故事4	丽莎进入西风骑士团时日尚短的时候，曾被团长指派接任第八小队队长一职。\n这件事引来了小队佐官尼姆芙的强烈不满，她并不认可丽莎这么一个「学院派」来担此高位。\n经时任庶务长凯亚批准，丽莎与尼姆芙进行了魔法方面的「实战练习」。\n练习只持续了两分钟，随后，丽莎婉拒了第八小队队长一职，理由是「尼姆芙佐官的能力堪当此任。」\n随后的一年里，不断有来自尼姆芙的队长推荐书放到团长办公桌上，意向栏里只有一个名字：丽莎·敏兹。\n这些推荐书最终转交到丽莎手里，丽莎每次都只能现编理由来推脱。\n她的加入固然能让第八小队变强，但这种强大不仅没有必要，更会增添常人无法理解的风险。\n丽莎有控制大多数局面的自信，可额外的危险意味着额外的工作，这一点上，她绝对无法接受。								
5006	9	6			角色故事5	亲眼目睹须弥雨林中呢喃狂言的学者与评议会中如有大智慧的智者之后，丽莎深深理解了渊海般的「学识」会给人烙下怎样的痕迹。\n代价如此沉重…到底要承担多少，才能从灵魂深处掘出这样的知识呢？\n丽莎对这一切心生反感，离开了须弥。\n从那以后，丽莎不再对任何事物展露出完全认真的态度。\n「对神给予的奇迹要求太多，就要好好想想——神开出的价码，自己到底付不付得起。」\n丽莎回到蒙德后，仅对三名她认为有必要听的人作此告诫。								
5007	9	1			特制加热釜	暂未开放								
5008	9	1			神之眼	暂未开放								
5100	9	1					初次见面…	1000						
5101	9	1					早上好…	1001						
5102	9	1					中午好…	1002						
5103	9	1					晚上好…	1003						
5104	9	1					晚安…	1004						
5105	9	1					闲聊·下午茶	1101						
5106	9	1					闲聊·任务	1102						
5107	9	1					闲聊·不宜出门	1103						
5108	9	1					下雨的时候…	1201						
5109	9	1					打雷的时候…	1202						
5110	9	1					起风的时候…	1203						
5111	9	1					关于丽莎自己…	2001						
5112	9	1					关于我们·关系	2002						
5113	9	6					关于我们·本领	2003						
5114	9	6					关于我们·仪式	2004						
5115	9	4					关于「神之眼」…	3001						
5116	9	1					有什么想要分享…	3002						
5117	9	1					感兴趣的见闻…	3003						
5118	9	4					关于琴…	4001						
5119	9	4					关于安柏…	4002						
5120	9	4					关于芭芭拉…	4003						
5121	9	4					关于迪卢克…	4004						
5122	9	4					关于雷泽…	4005						
5123	9	4					关于可莉…	4006						
5124	9	4					关于莫娜…	4007						
5125	1	4					关于阿贝多…	4008						
5126	9	4					关于菲谢尔…	4009						
5127	9	4					关于诺艾尔…	4010						
5128	9	1					想要了解丽莎·其一	5001						
5129	9	3					想要了解丽莎·其二	5002						
5130	9	4					想要了解丽莎·其三	5003						
5131	9	5					想要了解丽莎·其四	5004						
5132	9	6					想要了解丽莎·其五	5005						
5133	9	1					丽莎的爱好…	6001						
5134	9	1					丽莎的烦恼…	6002						
5135	9	1					喜欢的食物…	6003						
5136	9	1					讨厌的食物…	6004						
5137	1	1					生日…	7001						
5138	9	3					突破的感受·起	8001						
5139	9	4					突破的感受·承	8002						
5140	9	5					突破的感受·转	8003						
5141	9	6					突破的感受·合	8004						
6001	10	1			角色详细	芭芭拉是西风教会的祈礼牧师，同时也是蒙德城的闪耀偶像。\n「只要看到芭芭拉，心情就能变好。」——蒙德城里流传着这样的说法。\n实际上，不只是心情，伤口或者身体不适也能一起治愈。\n人们知道，芭芭拉可以通过水元素的「神之眼」，释放奇妙的魔法。\n但在芭芭拉心中，最神奇的魔法只有「切实的努力」而已。								
6002	10	2			角色故事1	蒙德城里，人人都喜欢芭芭拉。\n其实在最开始，芭芭拉的歌声对于蒙德居民来说十分陌生，甚至让人有些不习惯。\n因为蒙德一直以来流传的歌，大部分都是吟游诗人弹唱的民谣。\n好在蒙德有着「自由」的精神，令人愉快的新事物，可以和喜闻乐见的「传统」一起繁荣。\n人们接受了她的歌声，逐渐被她的活力感染，甚至也开始学着哼唱。\n「艾伯特先生，不要再唱啦！你唱的真的没调子！」								
6003	10	3			角色故事2	可是对于这样的成果，芭芭拉心情复杂。\n偶像的职责就是让大家喜爱自己。这么来看的话，芭芭拉做得很好。\n她的选择并没有错。\n——但是，另一方面，偶像需要去抚慰大家心灵的疲劳，她真的做到了吗？\n她为盲眼的葛罗丽唱了歌，安慰她远去的恋人一定会归来；她为生病的安娜唱了歌，祝福她的疾病一定会被治愈。\n但在歌声结束后，她们脸上的笑容并未停留太久。\n芭芭拉陷入了迷茫之中。								
6004	10	4			角色故事3	芭芭拉从小就是个性格阳光的孩子。尽管她有些笨拙，做事常常失败，也总能飞快振作起来，再试一次。\n与芭芭拉截然相反的「那个人」，也就是她的姐姐，乃是众人口中的「家族骄傲」。\n仿佛是对着字典里「优秀」的解释一般成长起来的姐姐，完全遥不可及。\n芭芭拉最初努力的动机并没有多么伟大，仅仅是想要赢过姐姐一次。\n可是，无论剑术还是学习，她都比不上姐姐。\n一向阳光向上的芭芭拉，对此不免有些失落。\n「努力是最神奇的魔法，但在努力也没有用的时候，应该怎么办呢？」								
6005	10	5			角色故事4	芭芭拉没有想过放弃。\n不如说，她的韧性令她的父亲，「拂晓的枢机卿」西蒙都感到吃惊。\n芭芭拉给自己制定的「失落时间」只有三十秒。\n三十秒过后，无论如何都要重新打起精神来。\n「既然不擅长战斗，那我就来负责后勤吧！」\n在父亲的引导下，芭芭拉成为了一位治疗者。\n伤员和病患是如此痛苦，芭芭拉的善良又是如此闪耀。\n「想获得他人认可」的渴望，不知不觉地变成了「想帮助他人」的简单信念。								
6006	10	6			角色故事5	「谢谢。」这是芭芭拉听到最多的话。\n感到迷茫时，有人握住了她的手。\n「你的陪伴，让我感觉好多了。」\n对于芭芭拉来说，大家脸上重新洋溢出的笑容，就是她最好的奖章。\n所以，在夜里按摩着肿疼的小腿，或者咕嘟咕嘟喝着护嗓子的杏白茶时，芭芭拉都会想起每一个向她投以善意的人。\n「我也是在大家的鼓励下前进的！」\n而且，那个笑容说不定正是健康的证明——歌声也许真的能够将人们治愈。\n至于那份想要超越姐姐，成为全蒙德的人气第一的小小好胜心，并没有被芭芭拉摒弃，而是被她藏进了最深的心底。\n「如果能够变得更加优秀，也许就能为姐姐分担一点责任了吧。」\n她是这样想的。\n「唔唔…芭芭拉冲呀！」								
6007	10	1			艾莉丝的偶像杂志	暂未开放								
6008	10	1			神之眼	暂未开放								
6100	10	1					初次见面…	1000						
6101	10	1					早上好…	1001						
6102	10	1					中午好…	1002						
6103	10	1					晚上好…	1003						
6104	10	1					晚安…	1004						
6105	10	1					闲聊·犯困	1101						
6106	10	1					闲聊·激励	1102						
6107	10	1					闲聊·提神秘诀	1103						
6108	10	1					下雨的时候…	1201						
6109	10	1					打雷的时候…	1202						
6110	10	1					下雪的时候…	1203						
6111	10	1					阳光很好…	1204						
6112	10	1					刮大风了…	1205						
6113	10	1					关于芭芭拉自己…	2001						
6114	10	1					关于我们·愿望	2002						
6115	10	6					关于我们·梦想	2003						
6116	10	4					关于「神之眼」…	3001						
6117	10	1					有什么想要分享…	3002						
6118	10	1					感兴趣的见闻…	3003						
6119	10	4					关于琴…	4001						
6120	10	4					关于丽莎…	4002						
6121	10	4					关于安柏…	4003						
6122	10	4					关于迪卢克…	4004						
6123	10	4					关于温迪…	4005						
6124	10	4					关于班尼特…	4006						
6125	10	4					关于法尔伽…	4007						
6126	10	4					关于罗莎莉亚…	4008						
6127	10	1					想要了解芭芭拉·其一	5001						
6128	10	3					想要了解芭芭拉·其二	5002						
6129	10	4					想要了解芭芭拉·其三	5003						
6130	10	5					想要了解芭芭拉·其四	5004						
6131	10	6					想要了解芭芭拉·其五	5005						
6132	10	1					芭芭拉的爱好…	6001						
6133	10	1					芭芭拉的烦恼…	6002						
6134	10	1					喜欢的食物…	6003						
6135	10	1					讨厌的食物…	6004						
6136	1	1					生日…	7001						
6137	10	3					突破的感受·起	8001						
6138	10	4					突破的感受·承	8002						
6139	10	5					突破的感受·转	8003						
6140	10	6					突破的感受·合	8004						
7001	11	1			角色详细	凯亚·亚尔伯里奇，酒业大亨「莱艮芬德」家的义子。\n他已很久没有称呼迪卢克·莱艮芬德为「义兄」了。\n目前他担任西风骑士团的骑兵队长，是一位可靠的行动派、深得琴信任的人物。\n在蒙德这座城邦的范围之内，但凡发生了什么突发事件，凯亚总会是那个收尾善后的人。								
7002	11	2			角色故事1	说来有趣，最容易遇到这位骑兵队长的地方不是骑士团总部，而是夜色中的酒馆。\n凯亚时常独自坐在吧台前，掂着蒙德著名的调制酒「午后之死」，与好酒的蒙德市民们攀谈。\n他在蒙德的酒客与年长者中格外受欢迎，甚至有着「最值得托付外孙女的男人」之名。\n一边戏谑调侃，一边慢品美酒，如此亲切的男性，让人很难把他跟西风骑士团骑兵队长一职联系起来。\n与凯亚插科打诨的人中，既有醺醉的猎人，也有嗜酒的贼徒。但无论来客警惕心多强，都会在凯亚巧妙的诱导下吐露真言。\n至于之后的事，到底是一场脱离控制的噩梦，还是漫漫长夜中又一个无伤大雅的玩笑，恐怕要取决于这位酒友不小心说漏嘴的内容了。\n「每个人都有自己的秘密，但不是每个人都懂得该怎么对待它。」\n带着令人有些恼火的微笑，凯亚这样说道。								
7003	11	3			角色故事2	「正义并非绝对的原则，而是武力与计谋的精妙平衡所铸就的结果。至于过程如何……无需太为难自己。」\n在大团长法尔伽面前，凯亚曾说过这样的话。\n只要结果合乎期待，凯亚并不在乎事情以什么方式结束。\n这种原则缔造了他不拘一格的行事方式，以及随意而为的人生态度。\n正如「午后之死」那随性肆意的暴烈口感一般。\n不过，肆意的行事风格也为他招来许多非议。\n曾有一次，为逼盗贼首领与他正面作战，凯亚故意触发远古的遗迹守卫。这一举动精准封锁住对手退路，同时也让凯亚和同僚陷入危险。\n每当这种时刻，一向信任他的代理团长琴也会摇头。\n但凯亚毫不在意。不如说，他人被迫作出选择的窘迫模样，甚至能让他觉得享受——\n他乐于捕捉同伴选择共战时一闪而过的犹豫，也乐于欣赏敌人背水一战前竭力遮掩的恐惧。								
7004	11	4			角色故事3	历史悠久的酿酒业为蒙德带来财富，蒙德的富庶又引来贪婪的盗贼与寻巢的魔物。\n这些游荡在阴影中的祸患不仅来源繁杂，聚集的理由也多种多样。\n为了抵御侵扰蒙德的盗匪与魔物，凯亚不只以他的剑，也以他的头脑和幽默感制服敌人。\n有年轻骑士花费数年时间总结其中的规律，最终得出一个令他目瞪口呆的结论——\n如果名酒「午后之死」不在供应期，城内外的袭扰报告便会随之骤减，直到……直到下一轮新酒上市？\n忐忑的年轻骑士将报告交给擅长文书工作的骑兵队长凯亚，希望从他那里得到一些建议。\n面对骑士忐忑的表情，凯亚带着怪异的微笑回应：「想法不错，我会纳入参考。」								
7005	11	5			角色故事4	一般而言，凯亚是个相当健谈的人。唯独对过去的经历，他讳莫如深。\n哪怕大团长要求他详述出身，他也不愿细谈旧事，而是用圆滑的说法，近乎敷衍地带过身世：\n「十几年前，夏末的午后，父亲带着我经过晨曦酒庄。」\n「『我去买几瓶葡萄汁，路上消渴。』我记得他是这样说的。但他走后，再也没有回来。」\n「如果不是克利普斯老爷向我伸出慈悲之手，或许，我就熬不过当晚那场暴雨了。」\n看似合乎情理的平淡叙述，却是精心掩藏了真相的谎言。\n凯亚不曾说起过，那个午后真正的故事——\n「这是你的机会，你是我们最后的希望。」\n亲生父亲捏紧凯亚单薄的肩头，视线越过他，望向了更远的地方。\n地平线另一头，有着父子俩遥远的故乡坎瑞亚。\n凯亚从未忘记那混杂着憎恨与希冀的眼神。								
7006	11	6			角色故事5	许多市民仍记得若干年前蒙德城中最惹眼的两位少年。\n一位是无可挑剔的年轻绅士迪卢克。他是手执长剑的优雅剑士，有着友善的笑容与自信的身姿。\n另一位是异国面容的庶务长凯亚。他是迪卢克的好友、助战者与「头脑」，为迪卢克的一切战斗扫尾洗尘。\n他们配合默契，从不失手，如同一对心智相通的双子，从明处和暗处守护着蒙德的安全。\n……直到凯亚记忆深处那个阴沉的日子，迪卢克护送的车队在森林中遭到巨大魔物袭击。\n那是凯亚第一次也是唯一一次失手。\n纵使快马加鞭，他赶到时，局势也已经无法挽回。\n他与迪卢克共同的「父亲」操纵着来历不明的不详力量击退魔物，随即被力量反噬，死于非命。\n凯亚和迪卢克都被眼前这一幕震惊，失去了骑士应有的冷静。\n「原来克利普斯老爷这样的人物，也会委身于危险的邪力。」\n险恶的念头闪过脑海，凯亚却报以微笑——\n「这样的世界，真是……有趣。」\n共同的「父亲」倒在了血泊之中。两位少年在这一夜走上分歧的道路。								
7007	11	1			一份名单	暂未开放								
7008	11	1			神之眼	暂未开放								
7100	11	1					初次见面…	1000						
7101	11	1					早上好…	1001						
7102	11	1					中午好…	1002						
7103	11	1					晚上好…	1003						
7104	11	1					晚安…	1004						
7105	11	1					闲聊·无所事事	1101						
7106	11	1					闲聊·骑士团	1102						
7107	11	1					闲聊·懒散	1103						
7108	11	1					下雨的时候…	1201						
7109	11	1					下雪的时候·逸闻	1202						
7110	11	1					下雪的时候·寒冷	1203						
7111	11	1					起风的时候…	1204						
7112	11	1					关于凯亚自己…	2001						
7113	11	1					关于我们·雇佣关系	2002						
7114	11	6					关于我们·实力	2003						
7115	11	4					关于「神之眼」…	3001						
7116	11	1					有什么想要分享…	3002						
7117	11	1					感兴趣的见闻…	3003						
7118	11	4					关于琴…	4001						
7119	11	4					关于丽莎…	4002						
7120	11	4					关于安柏…	4003						
7121	11	4					关于迪卢克…	4004						
7122	11	4					关于可莉…	4005						
7123	11	4					关于阿贝多…	4006						
7124	11	4					关于迪奥娜…	4007						
7125	11	4					关于法尔伽…	4008						
7126	11	4					关于菲谢尔…	4009						
7127	11	4					关于诺艾尔…	4010						
7128	11	4					关于罗莎莉亚…	4011						
7129	11	1					想要了解凯亚·其一	5001						
7130	11	3					想要了解凯亚·其二	5002						
7131	11	4					想要了解凯亚·其三	5003						
7132	11	5					想要了解凯亚·其四	5004						
7133	11	6					想要了解凯亚·其五	5005						
7134	11	1					凯亚的爱好…	6001						
7135	11	1					凯亚的烦恼…	6002						
7136	11	1					喜欢的食物…	6003						
7137	11	1					讨厌的食物…	6004						
7138	1	1					生日…	7001						
7139	11	3					突破的感受·起	8001						
7140	11	4					突破的感受·承	8002						
7141	11	5					突破的感受·转	8003						
7142	11	6					突破的感受·合	8004						
8001	12	1			角色详细	作为诗酒之城，蒙德的酒业闻名遐迩。\n而「晨曦酒庄」的主人迪卢克老爷掌握了蒙德酒业之半，这意味着，他掌握了金钱的流动脉络与酒馆的闲言碎语。\n某种意义而言，称得上是无冕的蒙德之王。								
8002	12	2			角色故事1	蒙德的空气里总是弥漫着酒香。\n如果追寻源头，香气会将你领到迪卢克老爷的「晨曦酒庄」。\n果木制成的牌匾骄傲地昭告着酒庄之名，下方还标有几个小字：\n「莫忘始终」。\n人们对这句格言的理解是，酒庄佳酿的美味始终如一，如同拂晓的晨光般充满希望，\n更加务实的西风骑士们则会想到，许多年来酒庄与蒙德城互相帮扶的历史。\n庄园内偶尔举办酒会。衣香鬓影中，总有人为尚未完婚的贵公子引见自家热情的少女。\n结果往往是引来一片欢笑：\n「多亏迪卢克老爷以事业为妻，我们才能喝到这样的美酒啊。」\n无论来者为何，无论有何事务，他的应对永远滴水不漏。\n从各种意义而言，迪卢克老爷都是无可挑剔的杰出绅士。								
8003	12	3			角色故事2	迪卢克老爷不喜欢谈论过去的事情。\n「假如迪卢克老爷还在骑士团，那该有多好。」\n资历够老的骑士若喝了酒，便会如此感慨。\n那是很久以前的事了。迪卢克的父亲，前代酒庄主人克利普斯老爷盼望儿子能成为最优秀的骑士，守卫自由之邦蒙德。\n遵循父亲愿望不断历练的迪卢克，始终依照莱艮芬德家家规严格锻炼自己。完成骑士团的考验与守护蒙德的誓言后，他顺利成为骑士，又因表现活跃提前晋升为最年轻的骑兵队长。\n借由无数次任务与巡查，蒙德人认识了年轻热情的骑兵队长迪卢克。\n无论任务多么严苛，骑士的风度与热忱永不会褪色；无论挑战多么艰巨，也如利剑般活跃在最前线。骑士同侪与蒙德民众的笑容和嘉许，令红发少年坚持进取。\n但最为重要的，还是——\n「做得很好，不愧是我的儿子。」\n父亲克利普斯的赞扬点燃了迪卢克胸腔中不灭的赤焰，激励他继续迈进。\n「信念」在他的心中炽热燃烧，滚烫而恒久。\n——从前的迪卢克，正是这样的少年。								
8004	12	4			角色故事3 	「人的一生，有时会被某个瞬间改变。」\n迪卢克的骑士之路，就终结在父亲这句话之后。\n那一天，魔兽袭击了他与父亲所在的车队。\n事出突然，来不及联络西风骑士团。魔物又空前强大，令年轻的骑兵队长束手无策。\n这场遭遇战的结局出乎迪卢克预料——不曾被神认可的父亲，无法当选骑士的父亲，竟然操控前所未见的不祥力量击败了魔物；而后又在邪力的反噬中，死在了迪卢克眼前。\n沉浸在悲伤与疑惑中的迪卢克回到西风骑士团，却从督察长那里得到命令：「必须掩盖真相」。\n伊洛克强调：为了维护骑士团的名誉，他父亲的死必须被宣传为一场「不幸的意外」。\n听到这个荒谬的命令，迪卢克连辩解的兴趣都提不起来。\n父亲曾说，这个世界不会辜负抱持信念之人。\n可为什么他的信念与西风骑士团背道而驰？父亲自己在最后的时刻，又是如何看待「信念」的呢？\n迪卢克毅然抛弃包括「神之眼」在内的一切，退出了骑士团。\n他将为父亲复仇。不仅如此，他还要查明父亲所使用的那种邪恶力量，究竟来源何处。								
8005	12	5			角色故事4	舍弃了骑士资格与神之眼，迪卢克把酒庄工作委托给女仆长，只身离开蒙德。\n游历七国的他遍访各地，逐渐接近了一直追寻的秘密。\n一切线索都指向「愚人众」——一个庞大如巨兽的组织。他们暗中仿造「神之眼」制作「邪眼」，这种装置能将使用者能力放大至极限，同时也会带来反噬的危险。它正是杀死克利普斯的元凶。\n父亲寻求如此罪恶的力量，难道是为了贯彻正义吗？\n时至今日，真相已经无从知晓。但在完全了解到真相之前，迪卢克拒绝退却。\n如同荒野上的鹰，迪卢克开始追猎。神秘的线索与永无止境的战斗未能困住心如火焰的男人，尽管伤痕累累，他也不曾停步。他的意志像是裹着火焰的飓风，吹散重重迷雾。\n黑暗深处，统领统领「愚人众」的十一位执行官静候着探求真相的人。屡次摧毁愚人众据点的迪卢克实力傲人，逼得他们亲自出手。\n生死之际，迪卢克被来自北大陆地下情报网的一位观察者救下。观察者声称已「观察」他很久，并已对他的行事风格予以认可。\n迪卢克劫后余生，从长久的愤怒中醒转，开始审视过去一切。他意识到自己的短板，同意加入这片地下情报网络。\n像初入骑士团那样，迪卢克以最认真的态度对待一切。凭借天赋与才华，他稳步升入情报网高层。\n组织由自愿者构成，大多是舍弃了身份与名誉的战士，更有甚者，连名字都能抛弃。\n与这样的同僚共事，迪卢克那份被父亲之死挫断的信念，是否能够重铸…？								
8006	12	6			角色故事5	暂未开放								
8007	12	1			晨曦酒庄的苹果酿	暂未开放								
8008	12	1			神之眼	暂未开放								
8100	12	1					初次见面…	1000						
8101	12	1					早上好…	1001						
8102	12	1					中午好…	1002						
8103	12	1					晚上好…	1003						
8104	12	1					晚安…	1004						
8105	12	1					闲聊·放松	1101						
8106	12	1					闲聊·骑士团	1102						
8107	12	1					闲聊·行会	1103						
8108	12	1					下雨的时候·伞	1201						
8109	12	1					下雨的时候·清洗	1202						
8110	12	1					阳光很好…	1203						
8111	12	1					刮大风了…	1204						
8112	12	1					关于迪卢克自己…	2001						
8113	12	1					关于我们·需要	2002						
8114	12	6					关于我们·证明	2003						
8115	12	4					关于「神之眼」…	3001						
8116	12	1					有什么想要分享…	3002						
8117	12	1					感兴趣的见闻…	3003						
8118	12	4					关于凯亚…	4001						
8119	12	4					关于丽莎…	4002						
8120	12	4					关于琴·敌人	4003						
8121	12	4					关于琴·职责	4004						
8122	12	4					关于莫娜…	4005						
8123	12	4					关于迪奥娜…	4006						
8124	12	4					关于罗莎莉亚…	4007						
8125	12	4					关于法尔伽…	4008						
8126	12	1					想要了解迪卢克·其一	5001						
8127	12	3					想要了解迪卢克·其二	5002						
8128	12	4					想要了解迪卢克·其三	5003						
8129	12	5					想要了解迪卢克·其四	5004						
8130	12	6					想要了解迪卢克·其五	5005						
8131	12	1					迪卢克的爱好…	6001						
8132	12	1					迪卢克的烦恼…	6002						
8133	12	1					喜欢的食物…	6003						
8134	12	1					讨厌的食物…	6004						
8135	1	1					生日…	7001						
8136	12	3					突破的感受·起	8001						
8137	12	4					突破的感受·承	8002						
8138	12	5					突破的感受·转	8003						
8139	12	6					突破的感受·合	8004						
9001	13	1			角色详细	雷泽是生活在奔狼领的神秘少年，很少有蒙德居民能发现他的行踪。\n但据少数目击者称，雷泽五感敏锐，身手矫健，能在树林中高速穿梭，又常与狼群共同出没，不会主动靠近人类。\n有人猜测，他是被狼群抚养大的弃婴。也有人说，他是幻化成少年模样的狼灵。\n种种猜测，为「狼少年」这一别称增添了许多神秘色彩。\n而「狼少年」雷泽本人，今日依旧站在山岗上，仰头沐浴着温暖的阳光。								
9002	13	2			角色故事1	雷泽日夜生活在狼群之中。\n每匹狼都与他亲密无间，谁的嚎声更响，谁的跑速更快，谁更擅长偷袭…没有雷泽不了解的狼。\n雷泽听得懂风的情绪，闻得见远方的气味，记得住许多花草的用途，唯独想不起亲生父母的面容。\n他们究竟是怎样的人呢？雷泽费尽力气也回忆不起。\n记事起，他就和狼生活在一起。狼待他如「卢皮卡」——这是别人教他的词，意为「家人」。								
9003	13	3			角色故事2	天空中飞着小小的、会唱歌的东西。\n云朵拉长成一条，蓬蓬绒绒，好像狼的尾巴。\n雷泽的世界很简单。\n晴朗的日子狂奔追捕，背着猎物采摘成熟的水果；下雨的日子钻进树洞，抱住狼的尾巴枕着草叶入睡。\n大口大口进食，咕咚咕咚喝水，热了跳进湖水里游泳，渴了就找香甜多汁的果子。\n雷泽看看自己的身躯和手臂，又看看「狼」的身躯和手臂。\n他知道自己与「狼」很不一样。\n但雷泽觉得这样的生活很好。								
9004	13	4			 角色故事3 	某一天，陌生的高个子男人来到山里，打破了雷泽平静的生活。\n雷泽不认识他，只知道面前站着的是一个「人类」。他的迷茫让陌生人露出友善的微笑。\n「孩子，跟我回蒙德城怎么样？」\n男人说着，向雷泽伸出手。\n雷泽和狼都不明白他的意思。群狼护在雷泽身前，不许男人靠近他。\n雷泽缩在狼尾巴堆里，看看自己的身躯和手臂，又透过皮毛的缝隙看看那个「人」的身躯和手臂。\n他知道自己算不上聪明，有个问题，他从那时就一直想不明白。\n「我属于狼，还是属于人…？」								
9005	13	5			角色故事4	「雷泽」这个名字，是那个男人为他取的。\n单纯的狼少年还无法理解人类的语言，却隐约从男人脸上读懂了含义——这是男人赠予自己的称呼。\n「雷，泽。」\n奔狼领的树影从长变短，又从短变长。\n男人教会了雷泽挥舞剑的方法。笨重的「铁爪子」，却锐利到连树木都能劈断。\n「今后，也要保护好你的朋友。」\n「朋，友。」\n雷泽笨拙地重复着男人吐出的音节。他还不太明白他的意思。\n就像他也不明白名字到底算不算重要的东西。因为直到那个男人离开，雷泽都未能从他口中获知他的「名字」。								
9006	13	6			角色故事5	「师父，朋友，是什么意思？」\n雷泽用自己并不算丰富的词汇，磕磕绊绊地问他新认识的师父。\n从地里结的土豆如何做成好吃的土豆饼，到夏夜中最亮的星的名字，他紫色的师父无所不知。\n师父丽莎打了个哈欠，朝他笑着，没有回答。\n雷泽吹风的时候在想，淋雨的时候也在想，想到钩钩果黏满了背后的头发，都没能想出来。\n后来雷泽遇到了一个红红的、很烫的女孩子。\n他们一起吹风，一起淋雨，一起在长满钩钩果的灌木丛边打滚。\n女孩的名字是可莉。跟她一起玩闹，雷泽就像重新回到童年。那时跟狼群伙伴打闹，也让他如此快乐。\n「原来朋友，就跟卢皮卡一样啊。」\n雷泽不太理解人情世故，但他有着野兽般原始而率直的忠诚。\n「——那么，你也跟卢皮卡一样，是要用生命守护的人了。」\n远处传来隐隐的狼嚎，是呼唤他回家的声音。\n雷泽依旧不知道自己属于狼，还是属于人。\n但雷泽觉得这样的生活很好。								
9007	13	1			雷泽的糙木箱	暂未开放								
9008	13	1			神之眼	暂未开放								
9100	13	1					初次见面…	1000						
9101	13	1					早上好…	1001						
9102	13	1					中午好…	1002						
9103	13	1					晚上好…	1003						
9104	13	1					晚安…	1004						
9105	13	1					闲聊·气味	1101						
9106	13	1					闲聊·饿	1102						
9107	13	1					闲聊·望风	1103						
9108	13	1					打雷的时候…	1201						
9109	13	1					起风的时候…	1202						
9110	13	1					刮大风了…	1203						
9111	13	1					关于雷泽自己…	2001						
9112	13	1					关于我们·朋友	2002						
9113	13	6					关于我们·武器	2003						
9114	13	4					关于「神之眼」…	3001						
9115	13	1					有什么想要分享…	3002						
9116	13	1					感兴趣的见闻…	3003						
9117	13	4					关于丽莎…	4001						
9118	13	4					关于芭芭拉…	4002						
9119	13	4					关于迪卢克…	4003						
9120	13	4					关于温迪…	4004						
9121	13	4					关于班尼特…	4005						
9122	13	4					关于可莉…	4006						
9124	13	2					关于法尔伽·陌生	4008						
9125	13	4					关于法尔伽·回忆	4009						
9126	13	1					想要了解雷泽·其一	5001						
9127	13	3					想要了解雷泽·其二	5002						
9128	13	4					想要了解雷泽·其三	5003						
9129	13	5					想要了解雷泽·其四	5004						
9130	13	6					想要了解雷泽·其五	5005						
9131	13	1					雷泽的爱好…	6001						
9132	13	1					雷泽的烦恼…	6002						
9133	13	1					喜欢的食物…	6003						
9134	13	1					讨厌的食物…	6004						
9135	1	1					生日…	7001						
9136	13	3					突破的感受·起	8001						
9137	13	4					突破的感受·承	8002						
9138	13	5					突破的感受·转	8003						
9139	13	6					突破的感受·合	8004						
10001	14	1			角色详细	安柏是西风骑士团的侦察骑士。在侦察骑士已然没落的现在，她独自坚守着这份职责。\n初来乍到的旅客用不着三天，便能与这位热情似火的少女打成一片。\n「猎鹿人」的招牌前、果酒湖的岸边，风起地大橡树的树顶，都有敏锐机警的红色骑士所留下的足迹。\n任何被她盯上的「可疑人士」，绝对逃不过骑士认真的质询。								
10002	14	2			角色故事1	从小到大，安柏总有着无尽的活力与朝气。\n每一天，火焰般旺盛的精力令她行动如风，勇敢地解决一切挡在面前的困难；\n可有些时候，过剩的精力也会使她在无意中成为麻烦制造者。\n年幼时，安柏因此惹下不少麻烦。不是掏鸟蛋导致鸟窝倒扣在祖父的光头上，就是点燃草史莱姆的叶子害它们到处乱跳。她的这些小问题，最终都变成了露营猎人们不大不小的麻烦。\n身为罪魁祸首，安柏往往能借助迅捷灵巧的动作第一时间逃离现场，再老练的侦察兵也追不上她。这位调皮孙女闯下的祸，最后还是靠祖父默默善后，才将不良影响控制在最小。\n祖父无言的关怀是蒙德土地上最温暖的风，将安柏温柔地包裹。对于这份宽容又饱含责任感的爱，她心领神会，默默接受。\n但直到祖父离开骑士团那天，她才真正明白，他肩上所担负的「责任」远不止此。								
10003	14	3			角色故事2	安柏的祖父曾是佣兵统领。他来自璃月港，负责保护一支横跨大陆的商队。某次押运任务中，商队遭到魔兽群的猛烈袭击，只有祖父一人侥幸逃脱，被西风骑士团所属医师救下。\n无颜回乡的祖父为报答医师救命之恩，毅然加入了西风骑士团。\n在骑士团，祖父一手建立侦察骑士小队，亲自训练并率领他们执行任务。\n不久后，他也在这片陌生的国土上遇见挚爱之人，组建了家庭。\n许多年过去，家中有了安柏。白天，年幼的安柏躲在窗前偷看祖父与队员们训练的身姿，晚上，她就溜进院子研究今天看到的招式。\n祖父被孙女的聪敏热忱打动，便将经验技巧全部传授给了安柏。\n「蒙德接纳了我，它就是我的故乡。我选择守望自己的家园，也许未来某天，你也会继承这份责任……哈哈，不过以后的事，谁知道呢？」\n感受着祖父粗糙的手掌在头顶摩挲，懵懂又认真的安柏用力点了点头。								
10004	14	4			角色故事3 	四年前的事，让安柏变了很多。\n那一天，祖父将骑士纹章与佩剑留在骑士团，没给任何人留下口信，就这样不辞而别。\n祖父走后，过分依赖他的侦察骑士小队失去了主心骨，变得散漫又迟钝。\n经过几次毫无成果的任务，侦察骑士地位愈发边缘化。小队虽然保留着建制，却已名存实亡。骑士们不是转入其它部门，便是退役归家。「侦察骑士小队」最终稀疏到无法完成日常巡逻任务的程度。\n更严重的是，有人将祖父的离开视为「叛逃」。这无疑于雪上加霜，令仅存的侦察骑士们愈发艰难。\n刚刚成为侦察骑士的安柏亲历了一切。小队的消亡使她第一次体会到失落与不甘。不再无忧无虑的她心中生出强烈愿望，想要快些长大，快些成为真正的侦察骑士。\n虽说还未严格计划过，也缺乏些成熟作风，但安柏有着十足的自信与勇气。\n想要继承祖父的意志，想要查清祖父的去向。\n更重要的是，她要接替祖父，成为家园的忠诚守望者。								
10005	14	5			角色故事4	一开始，安柏在骑士团的生活并不顺利。\n年纪太小，又刚经历了祖父失踪的坎坷，安柏时常被老一辈骑士们过分关照。\n而在这位要强的少女眼中，「过分关照」意味着她还不成熟，不足以独当一面。\n少女因而为自己强加上重任，沐浴着前人的视线，顽强又认真地履行职责。\n终于，在一次剿灭魔物的激烈战斗中，前辈们见证了安柏的英勇机敏。\n那一刻，他们首次意识到，面前这个尚且年轻的女孩，已经成长到了一定地步。\n随着成长，安柏的心也越来越安定。不论面对夸赞或贬低，沉默或嘲讽，她都如此回应——\n「跟前辈们相比，我还是经验不足。但是，我会成为最优秀的侦察骑士！」\n没有丝毫犹豫，仅仅是将自己的想法真诚、直率地说出。\n因为她一直坚信，自己绝不会辜负祖父的嘱托。								
10006	14	6			角色故事5	如今的安柏依旧是那个如火的少女，浑身燃烧着无穷的热情与活力。\n从被保护的童年中成长，谨记着祖父的教导，安柏张开风之翼，用鹰一般的锐目与狡兔般的机警，守卫着自由之邦蒙德。\n「火红的骑士」在蒙德家喻户晓。\n人们欣喜地看到，曾经顽皮的小女孩正在长成值得依靠的守望者。\n「不用担心，因为我是侦察骑士安柏！」\n她的自豪不容动摇，\n「我是唯一，也是最优秀的侦察骑士安柏！」								
10007	14	1			安柏的冒险笔记	暂未开放								
10008	14	1			神之眼	暂未开放								
10100	14	1					初次见面…	1000						
10101	14	1					早上好…	1001						
10102	14	1					中午好…	1002						
10103	14	1					晚上好…	1003						
10104	14	1					晚安…	1004						
10105	14	1					闲聊·兴趣	1101						
10106	14	1					闲聊·挂念	1102						
10107	14	1					闲聊·新发现	1103						
10108	14	1					下雨的时候·担忧	1201						
10109	14	1					下雨的时候·提醒	1202						
10110	14	1					雨过天晴…	1203						
10111	14	1					阳光很好…	1204						
10112	14	1					起风的时候·惬意	1205						
10113	14	1					起风的时候·放松	1206						
10114	14	1					关于安柏自己…	2001						
10115	14	1					关于我们·比赛	2002						
10116	14	6					关于我们·飞行	2003						
10117	14	4					关于「神之眼」…	3001						
10118	14	1					有什么想要分享…	3002						
10119	14	1					感兴趣的见闻…	3003						
10120	14	4					关于琴·帮忙	4001						
10121	14	4					关于琴·关怀	4002						
10122	14	4					关于丽莎·听故事	4003						
10123	14	4					关于丽莎·钦佩	4004						
10124	14	4					关于凯亚·忧虑	4005						
10125	14	4					关于凯亚·祸首	4006						
10126	14	4					关于班尼特…	4007						
10127	14	4					关于可莉…	4008						
10128	14	4					关于阿贝多…	4009						
10129	14	4					关于诺艾尔…	4010						
10130	14	1					想要了解安柏·其一	5001						
10131	14	3					想要了解安柏·其二	5002						
10132	14	4					想要了解安柏·其三	5003						
10133	14	5					想要了解安柏·其四	5004						
10134	14	6					想要了解安柏·其五	5005						
10135	14	1					安柏的爱好…	6001						
10136	14	1					安柏的烦恼…	6002						
10137	14	1					喜欢的食物…	6003						
10138	14	1					讨厌的食物…	6004						
10139	1	1					生日…	7001						
10140	14	3					突破的感受·起	8001						
10141	14	4					突破的感受·承	8002						
10142	14	5					突破的感受·转	8003						
10143	14	6					突破的感受·合	8004						
11001	15	1			角色详细	来路不明的吟游诗人。有时唱诵一些老掉牙的旧诗，有时又会哼出谁也没听过的新歌。\n喜欢苹果和热闹的气氛，讨厌奶酪和一切黏糊糊的玩意儿。\n引导「风」之元素力时，元素塑形往往外显为羽毛，因为他很中意看上去轻飘飘的东西。								
11002	15	2			角色故事1	刚来蒙德没几个月，吟游诗人温迪的收入水平还比不上驻唱已久的同行。但每当「工作」后放在地上的帽子里堆积了足够多摩拉，他匆匆而去的目的地，永远都是城里某一家酒馆。\n但以温迪的外貌，他总被当作未成年人，基本没法买到酒。\n第一次碰壁，还能嘟囔几句「上回来蒙德可没有这种规矩」。等发现全城酒馆都只对自己提供无酒精饮品时，就该考虑别的办法了…\n很快，温迪就开发出了一边弹琴一边用嘴咬着酒杯喝酒的绝技。在做吟游诗人的「工作」时，他会呼吁观众把投钱改为投喂，如果喜欢他的曲子，就去酒馆里买些好酒来请他一杯。\n凭借一手绝技，温迪终于又在蒙德如鱼得水起来。\n只是一旦有猫咪靠近，他无论如何都忍不住喷嚏。如果此时正咬着酒杯，便会制造出极其惨烈的现场效果。\n所以温迪选「工作」地点的原则是：躲着猫。\n可一般来说，路过的猫都挺喜欢他。								
11003	15	3			角色故事2	风起地中央矗立着一棵巨大的橡树。相传，它在千年前解放蒙德的大英雄温妮莎升入高天时发芽。\n近几个月，在树下休息的人们偶尔会听到隐隐约约的、唱诵风神巴巴托斯事迹的少年歌声。\n不同于其他仍在治理领土的神明，巴巴托斯离开蒙德已久，留下的形象也只有「七天神像」上模糊的面貌。然而，神的事迹存在于史书圣典之中，由吟游诗人们广为传唱。\n不同的是，温迪歌中的「巴巴托斯」总会经历一些光怪陆离的冒险，肆意妄为地做着奇怪举动，例如偷走冰之神的权杖，在原地放一根丘丘人的棍子以作替代。\n信奉风神的圣职者们对此颇有微词。面对诘问，温迪的回复却毫无悔意。\n「你怎么知道那是假的？」\n是啊，哪怕是最虔诚的修女，也不可能知道巴巴托斯大人千百年前的所有事迹。\n唯有露出神秘微笑的温迪本人知道，他所歌唱的一切——\n确实是假的。\n喝多了，随便唱唱而已。								
11004	15	4			角色故事3 	暂未开放								
11005	15	5			角色故事4	暂未开放								
11006	15	6			角色故事5	暂未开放								
11007	15	1			「背风的密约」	暂未开放								
11008	15	1			神之眼	暂未开放								
11100	15	1					初次见面…	1000						
11101	15	1					早上好…	1001						
11102	15	1					中午好…	1002						
11103	15	1					晚上好…	1003						
11104	15	1					晚安…	1004						
11105	15	1					闲聊·弹琴	1101						
11106	15	1					闲聊·苹果酒	1102						
11107	15	1					闲聊·诗篇	1103						
11108	15	1					下雨的时候…	1201						
11109	15	1					雨过天晴…	1202						
11110	15	1					下雪的时候…	1203						
11111	15	1					刮大风了…	1204						
11112	15	1					关于温迪自己…	2001						
11113	15	1					关于我们·新歌	2002						
11114	15	6					关于我们·勇者	2003						
11115	15	6					关于我们·使徒	2004						
11116	15	6					关于我们·请求	2005						
11117	15	4					关于「神之眼」…	3001						
11118	15	1					有什么想要分享…	3002						
11119	15	1					感兴趣的见闻…	3003						
11120	15	4					关于琴…	4001						
11121	15	4					关于迪卢克…	4002						
11122	15	4					关于芭芭拉…	4003						
11123	15	4					关于雷泽…	4004						
11124	15	4					关于莫娜…	4005						
11125	15	4					关于迪奥娜…	4006						
11126	15	1					想要了解温迪·其一	5001						
11127	15	3					想要了解温迪·其二	5002						
11128	15	4					想要了解温迪·其三	5003						
11129	15	5					想要了解温迪·其四	5004						
11130	15	6					想要了解温迪·其五	5005						
11131	15	1					温迪的爱好…	6001						
11132	15	1					温迪的烦恼…	6002						
11133	15	1					喜欢的食物…	6003						
11134	15	1					讨厌的食物…	6004						
11135	1	1					生日…	7001						
11136	15	3					突破的感受·起	8001						
11137	15	4					突破的感受·承	8002						
11138	15	5					突破的感受·转	8003						
11139	15	6					突破的感受·合	8004						
12001	16	1			角色详细	「来了来了，爆炒肉片一份！这是你的，『摩拉肉』。还有你的，秘制炸萝卜丸子。」\n璃月有块地方叫「吃虎岩」，「吃虎岩」有个饭馆叫「万民堂」。\n在这条人来人往的街道上，必须保持万分专注才能一心向前。\n初来乍到的旅人稍有不慎，就会被菜肴香气勾出馋虫，又或者按捺不下对这嗓音的好奇，探头望向店里。\n而香菱，「万民堂」的跑堂兼大厨，正往客桌上摆放热气腾腾的美食。\n「空着的位置可以随意坐。有什么想吃的，菜谱上没有我也能做！」\n对「万民堂」店员来说，平日判断来客是否「万民堂」熟客的办法，除了认脸，便是听他的第一句话。\n不用菜谱直接点菜的，一定来过不止一次；要是问出「今天香菱下厨吗」，就保准是个老道的餮客。								
12002	16	2			角色故事1	香菱已经数不清自己毁掉了多少个家里的锅，它们或是被火史莱姆的高温烧糊了锅底，或是在冰雾花的急速冷却下爆出了裂痕，更有甚者，是在小型爆炸后化作了面目全非的一团。面对此等破坏力，香菱的父亲再三斟酌，才没给她贴上「厨房禁入令」。\n自家孩子天性就有些冒失莽撞，外加想象力有那么些丰富，脑袋里闪过什么「创意菜肴」总喜欢先动手尝试，才有了这样的结果。也未必是坏事……父亲是这样自我安慰的。\n总而言之，「万民堂」账簿支出一栏，经常会增添一口锅的价目。								
12003	16	3			角色故事2	「做料理有很多秘诀。不过最最重要的秘诀就是，要对料理有绝对热爱的心。」\n香菱决心学厨后，父亲将自己堪比心血的「食谱笔札」交给了她。扉页上赫然写着这样一句话。\n要是换作别人，可能早就开始抱怨这是什么老掉牙的教导了。香菱却将它视若珍宝。\n在香菱眼里，父亲正是秉承着这样的信条，才能在「璃菜」「月菜」两派相争倾轧下坚持至今。\n可那时，两大菜系的明争暗斗已趋于白热化，不少小饭馆都遭到打压，其中当然也包括了「万民堂」。\n「美食应该没有贵贱之分才对！」\n看着松茸、螃蟹之类的珍贵食材被强行垄断，香菱内心很是愤慨。而她表达愤慨的方式，正是接过「万民堂」的大勺。\n是时候在老爹的基础上做出改变了。\n「不管使用怎样的食材，我都要做出超级好吃的菜肴！」								
12004	16	4			角色故事3 	香菱的活跃对绝云间的丘丘人可能是一场灾难。比如它们一觉醒来突然发现，打架用的木棍不翼而飞了。\n当然，荻花洲那些花花草草的命运，也绝对没好到哪去。\n这一番努力催生了几个全新菜谱：「丘丘木烤鱼」、「马尾糯米肉」…\n只用前人积累下来的配方，无法做出令人耳目一新的料理。\n必须打破常识，找出自己的秘方。\n等香菱好不容易做出自认色香味俱全的「特制凉拌禽肉」，试菜的父亲却为此连喝两天白粥。\n「薄荷叶与清心花同食，可能引起腹泻…」\n经此一役，香菱的笔记上又多了一条珍贵信息。\n明明也吃了不少，却跟没事人一样。香菱内心颇有些愧疚。\n至于这是因为香菱原本体质就好，还是日积月累对毒素有了抗性，已经不得而知了。								
12005	16	5			角色故事4	每当有食客好奇地询问，跟着香菱的「谜之生物」究竟是个什么东西，香菱都会讲起这个故事。\n那天突然大雨，想要去采「琉璃袋」的香菱顶着风雨走到半路，就已又累又饿。她迷迷糊糊地跑进某个山洞，却看见山洞里还有个神龛。\n于是她在神龛边坐下，从包里掏出两个辣肉窝窝头。\n一个，她狼吞虎咽地吃完了；另一个，她放在了神龛前。本想歇一会儿再吃，却稀里糊涂睡了过去。\n醒来之后，辣肉窝窝头已经不见了。一只谜之生物蹲在身边注视着她。\n「好吃吗？」\n谜之生物点了点头。\n「还要吗？」香菱从包里搜刮出一些肉干。\n谜之生物点了点头。\n香菱就这样认识了一个新朋友。或许是被香菱的料理吸引，无论走到哪，它都和她形影不离。\n香菱用从小最爱吃的零食给它起了名字，就叫「锅巴」。								
12006	16	6			角色故事5	尝遍璃月百味之后，香菱的料理技艺突飞猛进。她那一手「麻辣菜」，就连二十几年厨龄的父亲也忍不住赞叹。\n大把大把地使用辣椒，再以果物、草叶增添香气，形成独特的复合口感。一道融合璃菜油重色浓风格，以及月菜鲜香滋补特色的「水煮黑背鲈」就此成为了「万民堂」的招牌。\n有人试图偷学配方，却怎么也复制不出这地道的口味。\n「新鲜琉璃袋用蜜酿一晚，次日取出，沥干研磨至粉状，加入菜品能增香。」\n这是无数次吃坏肚子，无数次被岩壁上的砂砾划破膝盖，牺牲无数口锅才得到的——\n只属于香菱自己的秘方。								
12007	16	1			香菱的地图	暂未开放								
12008	16	1			神之眼	暂未开放								
12100	16	1					初次见面…	1000						
12101	16	1					早上好…	1001						
12102	16	1					中午好…	1002						
12103	16	1					晚上好…	1003						
12104	16	1					晚安…	1004						
12105	16	1					闲聊·点心	1101						
12106	16	1					闲聊·火史莱姆	1102						
12107	16	1					闲聊·觅食	1103						
12108	16	1					下雨的时候·态度	1201						
12109	16	1					下雨的时候·疏忽	1202						
12110	16	1					雨过天晴…	1203						
12111	16	1					起风的时候…	1204						
12112	16	1					关于香菱自己…	2001						
12113	16	1					关于我们·长处	2002						
12114	16	6					关于我们·新知识	2003						
12115	16	4					关于「神之眼」…	3001						
12116	16	1					有什么想要分享…	3002						
12117	16	1					感兴趣的见闻…	3003						
12118	16	4					关于白术…	4001						
12119	16	4					关于凝光…	4002						
12120	16	4					关于胡桃…	4003						
12121	16	4					关于迪奥娜…	4004						
12122	16	4					关于北斗…	4005						
12123	16	4					关于钟离…	4006						
12124	16	4					关于重云…	4007						
12125	16	1					想要了解香菱·其一	5001						
12126	16	3					想要了解香菱·其二	5002						
12127	16	4					想要了解香菱·其三	5003						
12128	16	5					想要了解香菱·其四	5004						
12129	16	6					想要了解香菱·其五	5005						
12130	16	1					香菱的爱好…	6001						
12131	16	1					香菱的烦恼…	6002						
12132	16	1					喜欢的食物…	6003						
12133	16	1					讨厌的食物…	6004						
12134	1	1					生日…	7001						
12135	16	3					突破的感受·起	8001						
12136	16	4					突破的感受·承	8002						
12137	16	5					突破的感受·转	8003						
12138	16	6					突破的感受·合	8004						
13001	17	1			角色详细	璃月港的商人都知道，飞云商会里有一位行秋少爷。\n在旁人看来，行秋待人温和有礼，又勤奋好学，是年轻一代中的翘楚。\n作为家族次子，商会事务尚不需要行秋主持。但在各大巨贾子弟中，行秋拥有罕见的读书天赋，向来受教书先生们赞赏。\n家中那位正在向老爹学习经商与持家的大哥，也认为行秋将来必成大器。\n殊不知，行秋看完厚度惊人的经商总集与贤人哲思以后，会把它们从中间挖空，塞进武侠小说看个不停。\n偶尔，行秋也会突然消失。旁人问及去了哪里、做了什么时，他总是回答：「偷得浮生半日闲」。								
13002	17	2			角色故事1	对行秋来说，「偷得浮生半日闲」可以指代很多意思。\n有时指的是去「万文集舍」看新进的小说；有时指的是去「和裕茶馆」缠着云堇老板开发新饮料。\n而在某些特别的时候，指的是「独自行侠仗义」。\n击败拦路的恶匪、赶走捣乱的怪物、帮哭泣的孩子摘下挂在树梢上的风筝…这一切都在行秋「行侠仗义」的范围之内。\n就像武侠逸闻中广为流传的「微服私访」故事那样——在某些冒险的尽头，行秋并不在乎动用飞云商会的力量来解决一些武力之外的问题。								
13003	17	3			角色故事2	某日，行秋的大哥前来寻他，屋内却没有人在。回来后，行秋遇到了候在走廊上的大哥。\n「你房内太过凌乱，我便自作主张替你收拾了一番。行秋啊，你与大哥同样肩负着飞云商会的名声，理应为众人作出表率。岂能不知一屋不扫，何以扫天下？昔年仙人有云…」\n对着行秋唠叨半小时后，大哥终于放过了他，临走前留下一句奇怪的话：\n「下次，大哥不会未经许可进入你房间了，丫鬟那边我也会提点一句。」\n行秋一头雾水，不知该作何回答。离去的大哥却在转身后换上一副惆怅面孔，自言自语道：\n「床底下还藏了书…嗯…大哥可不会去看那是什么书的。哎，行秋也长大啦，以后会不会嫌我的管教太啰嗦呢？这叫做什么来着…青春期，是吗？」\n行秋也很奇怪。他藏了这么多武侠小说，早已做好与帮佣们斗智斗勇的准备，可为什么一直没人来探查他的房间呢？								
13004	17	4			角色故事3	为了不让行秋成日泡在绯云坡的书店「万文集舍」里，老爹允许他前往「古华派」学武。不过，行秋很快发现，「古华派」只是没落已久的小门派，压根给不出像样的教导，就连报名用的豪华道场也是临时租借而来，根本不归门派所有。\n老爹当然也知道这一点。他只是想让行秋学一些华而不实的剑术，聊以娱乐。\n出乎意料的是，博闻强识、通读古书的行秋已经达到一法通万法通的境界。他在「古华派」修习，凭借自身知识辅以古籍记载，彻底振兴了衰退已久的古华武术。\n初入门的行秋曾对古华派武术感到失望。然而，门人善使的「小术」完全符合他的渴望。\n灰粉、烟雾砂、纸鱼游水、吞剑吐火…生在商贾之家，行秋就是喜欢这种琳琅满目的选择感。\n当即决定花上十天半月，将古华派一百门江湖奇术学全。行秋认为，这对行侠仗义而言，也是种极有力的补充。								
13005	17	5			角色故事4	剑客少爷行秋，人前静若处子，人后动若脱兔，对着亲近的人则会变得唠叨。虽说还不及大哥，却也足够调皮捣蛋了。\n而这般古灵精怪个性的主要受害者，是一位出没在璃月山林一带的少年方士——重云。\n「重云啊重云，昨日我为你找到一座闹鬼的凶宅，快去练练手吧。」\n「重云啊重云，你千万要相信我，那间凶宅里的机关不是我布置的…什么？你说根本不是凶宅？嗯，这倒不是我能预料的事…」\n「重云啊重云，何必用那种眼神瞪我呢？瞧你身上都青一块紫一块了，还是好好躺着吧。」\n「重云啊重云，我家有个丫鬟，曾在须弥国贵族府中研习精油理疗秘术。我找她来帮你推拿筋骨，你可要领我这份人情呀…」								
13006	17	6			角色故事5	「侠义」一词，释义因人而异。\n自由仗义者为侠，善恶分明者为侠，一身正气者为侠…\n但在行秋看来，「侠义」的意义，仅仅是做好事、做好人。\n身为璃月港巨贾之后，行秋的本分是在生意场里摸爬滚打，「侠义」二字，本该与他渐行渐远。\n但在「神之眼」的帮助下，他开始办成一桩又一桩曾经只能向往的「传奇轶事」。\n商会的事自然不能放下，但只要能亲自行侠仗义，哪怕只是偶尔，也已让行秋倍感满足。\n唯一会削减行秋笑容的，只有他人口中对那些「侠士」动机的庸俗猜测。\n地位、名利、暗中交易…当听到有人如此编排侠客的本心，行秋面上波澜不惊，心中却已将那人列入黑名单，放在比最讨厌吃的胡萝卜更低的位置。								
13007	17	1			《沉秋拾剑录》	暂未开放								
13008	17	1			神之眼	暂未开放								
13009	17	1					初次见面…	1000						
13010	17	1					早上好…	1001						
13011	17	1					中午好…	1002						
13012	17	1					晚上好…	1003						
13013	17	1					晚安…	1004						
13014	17	1					闲聊·无人夜	1101						
13015	17	1					闲聊·文章	1102						
13016	17	1					闲聊·偷闲	1103						
13017	17	1					闲聊·阅卷	1104						
13018	17	1					闲聊·新书	1105						
13019	17	1					下雨的时候…	1201						
13020	17	1					雨过天晴…	1202						
13021	17	1					下雪的时候…	1203						
13022	17	1					阳光很好…	1204						
13023	17	3					关于行秋自己…	2001						
13024	17	1					关于我们·书友	2002						
13025	17	6					关于我们·结拜	2003						
13026	17	3					关于「神之眼」·古书	3001						
13027	17	5					关于「神之眼」·领悟	3004						
13028	17	4					有什么想要分享…	3002						
13029	17	4					感兴趣的见闻…	3003						
13030	17	4					关于北斗…	4001						
13031	17	4					关于凝光…	4002						
13032	17	4					关于重云…	4003						
13033	17	4					关于云堇…	4004						
13034	17	4					关于胡桃…	4005						
13035	17	4					关于七七…	4006						
13036	17	4					关于香菱…	4007						
13037	17	4					关于辛焱…	4008						
13038	17	1					想要了解行秋·其一	5001						
13039	17	3					想要了解行秋·其二	5002						
13040	17	4					想要了解行秋·其三	5003						
13041	17	5					想要了解行秋·其四	5004						
13042	17	6					想要了解行秋·其五	5005						
13043	17	1					行秋的爱好…	6001						
13044	17	1					行秋的烦恼…	6002						
13045	17	1					喜欢的食物…	6003						
13046	17	1					讨厌的食物…	6004						
13047	1	1					生日·祝福	7001						
13048	1	1					生日·习俗	7002						
13049	17	3					突破的感受·起	8001						
13050	17	4					突破的感受·承	8002						
13051	17	5					突破的感受·转	8003						
13052	17	6					突破的感受·合	8004						
14001	18	1			角色详细	北斗是「南十字」的首领。\n而「南十字」是以璃月港为根据地活动的武装船队。\n所谓「武装船队」，只是字面上的意思：一支装备了可靠火力的船队。\n不必多想，「南十字」的一切作为均已得到七星的许可……大致如此。\n北斗是一位能让全船队水手心服口服的首领。他们甚至愿意相信，北斗能够压制海上的巨浪与风暴。\n「那可是北斗姐啊！再狂乱的风暴也得对更有威力的气象低头的嘛。」								
14002	18	2			角色故事1	北斗其人，在璃月有着相当的声望。\n尽管稍逊于「璃月七星」，但只要是在城中跑商的人，绝不会不知道北斗与「南十字」的大名。\n这样一位人物，自然有着不少传闻。人们说起她，大都是些开山劈海、显神威之能的故事，颇有夸大之嫌。\n也有一说：北斗能够举剑引雷，一击将可怖的冥海巨兽劈作两截。\n旁人听了，只当是醉汉闲话，并未放在心上。可与北斗同航过的人绝不会将它当成玩笑。他们会说：世上若真有什么冥海巨兽，那北斗一定能将它劈作两截。\n由此可见，北斗航海的能力与她在商行的名望一样高。道上称她「龙王」，乃是实至名归。								
14003	18	3			角色故事2	商人重利轻情，本不是什么怪事。饭局上说起，也是相视一笑。\n唯独璃月人，他们全民皆商，不爱听这话，说起自家城市，总说是「与众不同」。\n其余商人听了，笑话他们：不过是将情义二字当成另一种筹码罢了！璃月人便说：「那南十字又要作何解？」\n南十字成名多年，佣金昂贵乃是常态。某次航行中，这支船队遭遇了海上飓风，同时遇难的还有附近的一只平民船。北斗见到小船在巨浪中摇曳，顾不得龙骨断裂的危险，下令将平民船拉入安全区。船队内粮水所剩无几，北斗却坚持与平民船共享，更带着他们，在飓风中一路前进。\n如此经过数日，南十字总算将平民船送入了就近的泊地。船上商人感怀其救命之恩，因而成为了北斗忠诚的商业伙伴。\n璃月人笑道：「丢掉性命也要坚持完成的事，可不是筹码二字能够说清。将情义归为筹码，你敢和北斗说这话吗？」								
14004	18	4			角色故事3	有传闻道：「南十字」背后的势力，乃是「七星」之一的「天权」凝光。\n对此，两位当事人矢口否认。不过，她们的理由各自不同。\n凝光贵为「七星」，总有需要差人作粗鲁事情的时候。在众多候选人里，她挑中了北斗。\n依照凝光的说法，她选中的是北斗这个人，与「南十字」船队的合作才是顺便。\n而北斗若是知情，定会恼火地说，她和凝光仅是合作，绝对称不上「背后势力」一说。\n凝光的诸多合作者中，唯有北斗与众不同。\n她对凝光毫无常人那般敬畏，反倒有些针对。\n幕僚们因而担忧连连，认为北斗生性桀骜，难以约束。凝光倒不在意，只是笑着说：\n「此言差矣。依我看，她才是璃月最好控制的人。只需与她说清大义，道明利害关系，她自会想通。」								
14005	18	5			角色故事4	漫长航行结束，「南十字」登上陆地，依照惯例举办为期三日的庆功宴。此年秋天与往昔并无二致，唯独市里多了位新出师的小厨娘，正是「万民堂」后来的大厨，香菱。\n船队会计贪图便宜，连拐带骗，将市口遇见的厨娘香菱拽上了船。香菱见了北斗，为难万分，苦恼地说：「呃，船上食材都是海味，只能做『月菜』。我可是要超越两大菜系对立的人……」\n北斗只是指着脚边一箱金币，笑道：「上一趟差事赚了不少。给你五万摩拉作佣金吧。」\n为证明自己料理海味的实力，香菱勉为其难接下了这份工作。\n单就结果而言，北斗确实欣赏香菱的手艺。当着水手们的面，她大胆断言：稍加时日，香菱必会名震璃月港。不仅如此，还让全船海员尊称香菱为「香菱阿姊」。\n香菱初出江湖，对北斗这位出手阔绰、为人豪爽的大姐也很是欣赏，常与北斗一同出航，寻找最新奇的海洋食材。她向来特立独行，在食材选择方面剑走偏锋。到了海上，香菱却觉得那是北斗的领地。她总是惊讶，北斗一个远离庖厨之人，竟也辨得出各式海产，深谙其饕餮之道。\n——当然，要说香菱会不会听取北斗的选材建议，则是后话了。								
14006	18	6			角色故事5	俗话说，物似主人形。\n虽然不那么恰当，但是「南十字」船队的确和北斗一样，有着一样的气质。\n不过船队内还是有些秘密，在北斗看不见的地方流传。\n大副会在新水手们第一次归行后，邀请他们去喝酒，然后绘声绘色地讲述一件旧事：\n当年「南十字」踏上对外海的未知探索，曾经多次陷入风暴当中，稍有不慎，船毁人亡。\n那时，北斗登上甲板，亲自站在舵轮后，一边操舵，一边在风雨声中唱起璃月渔民的拉网号子。\n「直到眼前再无风浪，海天线上霞光一片，天朗波平…」\n大副一般都会用满脸怀念的神情，念出这句话作为收尾。\n随着船队事业扩大，大副故事中惊世骇俗的描述越来越多，新水手们对北斗的崇拜也越发高涨。								
14007	18	1			码头力工们的闲话	暂未开放								
14008	18	1			神之眼	暂未开放								
14100	18	1					初次见面…	1000						
14101	18	1					早上好…	1001						
14102	18	1					中午好…	1002						
14103	18	1					晚上好…	1003						
14104	18	1					晚安…	1004						
14105	18	1					闲聊·切磋	1101						
14106	18	1					闲聊·畅饮	1102						
14107	18	1					闲聊·陆地	1103						
14108	18	1					下雨的时候…	1201						
14109	18	1					打雷的时候…	1202						
14110	18	1					起风的时候…	1203						
14111	18	1					刮大风了…	1204						
14112	18	1					关于北斗自己…	2001						
14113	18	1					关于我们·称呼	2002						
14114	18	6					关于我们·识人	2003						
14115	18	6					关于我们·选择	2004						
14116	18	5					关于「神之眼」…	3001						
14117	18	1					有什么想要分享…	3002						
14118	18	1					感兴趣的见闻…	3003						
14119	18	4					关于凝光·璃月七星	4001						
14120	18	4					关于凝光·态度	4002						
14121	18	4					关于香菱·好厨艺	4003						
14122	18	4					关于香菱·试吃	4004						
14123	18	4					关于钟离…	4005						
14124	18	4					关于魈…	4006						
14125	18	1					想要了解北斗·其一	5001						
14126	18	3					想要了解北斗·其二	5002						
14127	18	4					想要了解北斗·其三	5003						
14128	18	5					想要了解北斗·其四	5004						
14129	18	6					想要了解北斗·其五	5005						
14130	18	1					北斗的爱好…	6001						
14131	18	1					北斗的烦恼…	6002						
14132	18	1					喜欢的食物…	6003						
14133	18	1					讨厌的食物…	6004						
14134	1	1					生日…	7001						
14135	18	2					突破的感受·起	8001						
14136	18	3					突破的感受·承	8002						
14137	18	4					突破的感受·转	8003						
14138	18	5					突破的感受·合	8004						
15001	19	1			角色详细	「璃月七星」掌管整个璃月港的商业运作，身居高位自然引得千万觊觎。小心驶得万年船是他们的共识，抛头露面不是他们喜爱的作风。\n但七星之中的「天权」星，凝光，是唯一的例外。\n敌人眼中厉害的商人、孩子眼中亲切的大姐姐、玉京台宴会上的名媛、甜食界不动如山的鉴赏家……提到凝光，所有人都能侃侃而谈，仿佛对她了如指掌。然而每个人口中的故事都不尽相同，甚至相去甚远。\n「凝光大人是个厉害人物」——所有故事中，只有这样一个共通之处。								
15002	19	2			角色故事1	璃月港上空漂浮着一座以浮石驱动的飞行宫殿。那是属于凝光的产业——「群玉阁」。\n天气晴朗时，站在宫门外的甲板上，便能俯瞰璃月港大半风光。\n如要处理重大商业事务，凝光定会来到这座天上宫阁，禁止旁人出入，只允许三名心腹陪侍在旁。心腹们翻阅资料，整合文书，一旦得出成果，便把摘要贴在墙上。凝光自己则一边欣赏璃月风景，一边倚栏静思。\n墙壁被资料盖满前，凝光一定会得到最佳方案。跟着，她碾碎所有资料，将大量碎屑撒向窗外，营造一场突如其来的碎雪。\n那些纸片上的字迹，在璃月港所有商人眼中，就像雪地里的墨渍一样扎眼。\n每当这阵「碎雪」降临，璃月商界必有天翻地覆。								
15003	19	3			角色故事2	「凝光大人什么都知道。」外来者常常会被璃月人如此告诫。\n想要钻漏子的商会、某位正在囤积货物的奸商、归港船队携带的违禁私货…对于这些或明或暗的信息，「天权」无一不知。\n某位须弥炼金术士到璃月游学，无意中查阅到黑岩厂十年前一笔夜泊石交易的账目。当夜，凝光的近侍便敲响了他的窗户，请他去「群玉阁」一叙。\n有谣言说，空中宫殿「群玉阁」被凝光施加了法术，能将璃月港每个人的悄悄话捕捉进去、复读出来，供凝光一一聆听。\n但凝光真正的「耳目」，却是那些在璃月港街头巷尾玩闹的孩子们。\n每一场机密会面，每一次秘密谈话，每一个陌生访客，都被他们看在眼里。孩子们聚在「凝光大姐姐」身边时，凝光手里的零食总能让他们知无不言，言无不尽。\n凝光会将孩童所说的信息抽丝剥茧。璃月港对她来说，再无秘密可言。\n她比任何人都明白「人情」这件商品的价值，所以才愿意将时间花费在市井之中。\n当然，还有一点点私心——凝光很喜欢孩子对她笑。								
15004	19	4			角色故事3	在赚钱这件事上，凝光与大部分人一样，永远不嫌钱多。\n她所挣得的钱，不仅能作为财富，更能作为一场又一场胜利的标志。\n凝光对民众温柔可亲，对同行则是迥异的态度。\n商场角力是她无可替代的刺激游戏，每位巨商大贾无奈让出的摩拉，都会让凝光脸上笑容更多一分。而商会任她自由调控的场面，则会让她每天都心情愉悦。\n一场又一场胜利后，璃月七星财力越发雄厚，整座璃月港也蒸蒸日上，将更多商机与财富带给凝光。利益环环相扣，形成完美闭环，对于这根链条，璃月七星都十分满意。\n常有人问，凝光万贯家财，为何还从商不辍？\n「万贯家财？那自然好。」\n面对如此奇怪的问题，凝光深感诧异。\n「可是，再多赚一摩拉，又有什么不好？」								
15005	19	5			角色故事4	生活在璃月，人人都需按规则出牌。规则会保护他们的利益不受侵犯，相应地，违规之人也将受到惩罚。\n这些规则源自璃月守护神「摩拉克斯」制订的古老律法，绝对可靠。璃月数千年历史中，历任「天权」对每条律法逐一修订，使其符合璃月不同阶段的社会需求。这些古老律法被整合成册，附带一本两百七十九页的注释，发放到所有璃月人手中。\n凝光喜欢这样的璃月港。井然的秩序能让商业更具活力，而她又比任何人都更理解秩序的细节。\n唯独一位名为「北斗」的船长，仗着她珍奇的货物与独一无二的商业情报，屡次视律法于不顾，出海私运禁货。在凝光眼中，她是璃月港的「害群之马」。\n身为「天权」，凝光对北斗的违规行为向来予以重罚。可北斗总是坦然接受，让凝光稍感意外。\n规矩之外，她私下也不断旁敲侧击，暗示北斗改变行事方式，为七星留下转圜余地。北斗却一直用「路见不平」、「扶危济困」及「养活船队」等理由敷衍搪塞，永远我行我素，对凝光的提点置若罔闻。\n久而久之，除了一句「油盐不进」，凝光对这位船长再无其他评价。								
15006	19	6			角色故事5	像凝光这样富有魅力又家财万贯的女性，自然不会缺少异性的追求。\n出身玉京台的贵公子、事业有成的年轻富商、周游七国的大船长，都愿费尽心思换取凝光嫣然一笑。甚至传说有一位枫丹廷来的大老板，与凝光聊过几句，便下令签订与璃月港的贸易合约。如此大手笔，只为能更多地见到凝光。\n凝光对每一位追求者都彬彬有礼，保持着优雅体面又不失臆想的距离。这也渐渐成为璃月街头巷尾的热门话题：凝光大人究竟爱谁？\n人们并不知道，凝光不会爱「有限」之物，也不愿被「有限」所困。\n「群玉阁」，这座飞行在璃月港上空，只属于凝光的宫殿。起初，它只有房间大小，如今已能遮蔽璃月上空真正的银月了。\n凝光赚来的无尽财富，有相当一部分用在了「群玉阁」上，邀请顶级工匠将它不断扩建，变得越发庞大华贵。\n在凝光看来，「群玉阁」象征着她的权威与魄力，是象征她生意运转良好的符号。\n它是凝光最爱的事物，仅次于摩拉。它几乎像是「无限」的。\n终有一日，它的影子会笼罩七国。								
15007	19	1			棋戏「璃月千年」	暂未开放								
15008	19	1			神之眼	暂未开放								
15100	19	1					初次见面…	1000						
15101	19	1					早上好…	1001						
15102	19	1					中午好…	1002						
15103	19	1					晚上好…	1003						
15104	19	1					晚安…	1004						
15105	19	1					闲聊·古玩	1101						
15106	19	1					闲聊·商战	1102						
15107	19	1					闲聊·投资	1103						
15108	19	1					下雨的时候…	1201						
15109	19	1					下雪的时候…	1202						
15110	19	1					阳光很好…	1203						
15111	19	1					刮大风了…	1204						
15112	19	1					关于凝光自己…	2001						
15113	19	1					关于我们·传言	2002						
15114	19	6					关于我们·观察	2003						
15115	19	6					关于我们·群玉阁	2004						
15116	19	5					关于「神之眼」…	3001						
15117	19	1					有什么想要分享…	3002						
15118	19	1					感兴趣的见闻…	3003						
15119	19	4					关于北斗·罚金	4001						
15120	19	4					关于北斗·态度	4002						
15121	19	4					关于钟离…	4003						
15122	19	4					关于行秋…	4004						
15123	19	4					关于香菱…	4005						
15124	19	1					想要了解凝光·其一	5001						
15125	19	3					想要了解凝光·其二	5002						
15126	19	4					想要了解凝光·其三	5003						
15127	19	5					想要了解凝光·其四	5004						
15128	19	6					想要了解凝光·其五	5005						
15129	19	1					凝光的爱好…	6001						
15130	19	1					凝光的烦恼…	6002						
15131	19	1					喜欢的食物…	6003						
15132	19	1					讨厌的食物…	6004						
15133	1	1					生日…	7001						
15134	1	1					生日…	7002						
15135	19	2					突破的感受·起	8001						
15136	19	3					突破的感受·承	8002						
15137	19	4					突破的感受·转	8003						
15138	19	5					突破的感受·合	8004						
16001	20	1			角色详细	外表虽是少年人，魈的真实年纪却已超过两千岁。\n好在没有人单看外表就轻慢他，只要打过照面，任谁都能明白，他是个狠角色。\n——危险、寡言。眼神锐利如刀。\n在仙人之间，魈的辈分与声望堪称翘楚，但在人间，他的名望并不高。\n因为他既非招揽富贵，庇佑世人安康的福星；也非手握仙道，高居在绝云间的圣众。\n能见到魈施展神通的人，必定是九死一生、身处险境之人。\n并非魈要加害于人，而是他始终在与足以吞没璃月万家灯火的黑暗战斗。普通人若是目击到战斗现场，难免会被殃及。\n当然，这并不是什么需要灭口的秘密啦。								
16002	20	2			角色故事1	魈究竟在与什么战斗？\n若要委婉地揭露真相，可以这样说：来自过去的怨憎、未能实现的大愿、失败者的嗟叹。\n直截了当的答案则是：七神体系建立前，在「魔神战争」中惨败的魔神残渣。\n它们被摩拉克斯打败，镇压在坚岩磐石之下。\n但魔神均为不灭之体，意识虽会消散，力量与怨恨却遗留下来，化为淤积的秽物，反复侵扰众生。\n「靖妖傩舞」——知晓真相的璃月掌权者们，将魈所经历的万千日夜归纳为这四个字。\n这些战斗没有胜利者，也没有尽头。\n这些战斗没有人能够见证，也没有人觉得感激。								
16003	20	3			角色故事2	「魈」并非是这位夜叉的真名，而是某人出于安全考量为他起的假名。\n曾经的魈年少无知，被魔神抓住弱点拘为座下大魔，听凭指示做下大量残忍血腥之事。\n他造了诸多杀业，踩碎诸多理想，还被要求吞下败者的美梦，痛苦万分却又身不由己。\n终于，在魔神的战场上，岩之神摩拉克斯与夜叉的主人相会了。\n后世的历史，昭示着本次胜负的答案。\n「岩王帝君」解放了夜叉，并赐给他「魈」这一名字。\n「在异邦的传奇故事中，魈之一字代表着遭遇苦难、饱受淬炼的鬼怪。你也经历诸多，以后就用这个名字吧。」								
16004	20	4			角色故事3	为报答岩之神的恩情，魈接下了守护璃月的千年苦役。\n为魔神效力的往事洗去了魈的温柔与无邪。如今，他心中只剩杀戮技巧与累世业障。\n战斗，是他唯一还能为人们做的事。\n那有什么是人们能为他做的呢？\n普通人肯定不会有这般念头，光是远远看着，已被那股气势吓退。\n不过…若有人真心想报答他，倒是可以听听这则趣闻。\n支援魈进行降魔的七星特务，表面上经营着一家名叫「望舒」的客栈。\n魈偶尔会去客栈吃杏仁豆腐。看他吃东西的神情，应当是发自真心觉得喜欢。\n魈对甜甜的口味并不痴迷，可杏仁豆腐的口感，与曾经的「美梦」十分相似。								
16005	20	5			角色故事4	魈究竟在与什么战斗？\n依璃月当权者之见，他是在与魔神残渣引发的恶象战斗。\n可若直截了当地问他本人，未必能得到这一答案。\n魈曾经被邪恶神明使役，历经苦难，直到岩王帝君出现，才得以重获自由。\n其神通本领乃是仙家翘楚，降妖除魔对他而言并无难度。\n但魔神力量巨大，憎恨与执念也非常人可及。魈不断斩杀从它们残骸中滋生的秽物，那些憎恨便化为碎片，污染魈的精神。\n要消灭这种恨意，必须背负它们的「业障」。经年累月积累的业，足以灼心蚀骨。\n魈却不感到憎恨。他的生命长达两千年，一切恩仇之于他，只是过眼云烟。\n不存在千年难释的恨，也不存在千年难报的恩。\n岁月茫茫，唯有自己陪伴着自己。\n魈的战斗，始终有其意义。\n他一直都在和自己战斗。								
16006	20	6			角色故事5	暂未开放								
16007	20	1			「空游饿鬼布施法」	暂未开放								
16008	20	1			神之眼	暂未开放								
16100	20	1					初次见面…	1000						
16101	20	1					早上好…	1001						
16102	20	1					中午好…	1002						
16103	20	1					晚上好…	1003						
16104	20	1					晚安…	1004						
16105	20	1					闲聊·闲散	1101						
16106	20	1					闲聊·荒魂	1102						
16107	20	1					闲聊·侵蚀	1103						
16108	20	1					下雨的时候…	1201						
16109	20	1					雨过天晴…	1202						
16110	20	1					打雷的时候…	1203						
16111	20	1					下雪的时候…	1204						
16112	20	1					关于魈自己·非人	2001						
16113	20	1					关于魈自己·璃月	2006						
16114	20	6					关于我们·警示	2002						
16115	20	6					关于我们·信任	2003						
16116	20	6					关于我们·犯困	2004						
16117	20	6					关于我们·海灯节	2005						
16118	20	3					关于「神之眼」·欲望	3001						
16119	20	5					关于「神之眼」·理由	3004						
16120	20	1					有什么想要分享…	3002						
16121	20	1					感兴趣的见闻…	3003						
16122	20	4					关于胡桃…	4001						
16123	20	4					关于钟离…	4002						
16124	20	4					关于北斗…	4003						
16125	20	4					关于白术…	4004						
16126	20	4					关于温迪…	4005						
16127	20	1					想要了解魈·其一	5001						
16128	20	3					想要了解魈·其二	5002						
16129	20	4					想要了解魈·其三	5003						
16130	20	5					想要了解魈·其四	5004						
16131	20	6					想要了解魈·其五	5005						
16132	20	1					魈的爱好…	6001						
16133	20	1					魈的烦恼…	6002						
16134	20	1					喜欢的食物·杏仁豆腐	6003						
16135	20	1					喜欢的食物·回忆	6004						
16136	20	1					讨厌的食物…	6005						
16137	1	1					生日…	7001						
16138	20	2					突破的感受·起	8001						
16139	20	3					突破的感受·承	8002						
16140	20	4					突破的感受·转	8003						
16141	20	5					突破的感受·合	8004						
17001	21	1			角色详细	在璃月的传统中，「请神」与「送神」是同样重要的事。\n最擅长「送别」一道的，莫过于胡家传承七十七代的「往生堂」。但「往生堂」的堂主胡桃本人，主要还是专注于送别凡人的技艺。\n送别仙人的诸般仪式，则是由一位「道上的朋友」，钟离，来为「往生堂」分忧解难。\n仙人与璃月一同度过漫长岁月，三千多年来升天者寥寥无几，这就意味着一切相关传统都只能以纸面形式存在——因为时间跨度实在太长了。这不是那种你小时候咬着糖葫芦参加过一次，老了以后还能躺在竹椅上亲眼目睹一次的事件。\n但即使是眼光最挑剔严苛的、沉迷于故纸堆的老学究，也对「往生堂」的送神典仪挑不出一丝毛病。\n不仅仪式中人的服饰要合规，而且仪式举行的吉时、地点，用具，以至当天的天气、仪式整体的进行时长、允许的观礼人数、观礼者的身份职业年龄…全部都被纳入计量范畴，无一不合符节。\n当人们以「通古晓今」来形容钟离时，他却只会无奈地一笑，叹气道：\n「我只是…记性很好。」								
17002	21	2			角色故事1	暂未开放								
17003	21	3			角色故事2	暂未开放								
17004	21	4			角色故事3	暂未开放								
17005	21	5			角色故事4	暂未开放								
17006	21	6			角色故事5	暂未开放								
17007	21	1			水产品	暂未开放								
17008	21	1			神之眼	暂未开放								
17100	21	1					初次见面…	1000						
17101	21	1					早上好…	1001						
17102	21	1					中午好…	1002						
17103	21	1					晚上好…	1003						
17104	21	1					晚安…	1004						
17105	21	1					闲聊·旅程	1101						
17106	21	1					闲聊·游览	1102						
17107	21	1					闲聊·璃月	1103						
17108	21	1					雨过天晴…	1201						
17109	21	1					下雪的时候…	1202						
17110	21	1					刮大风了…	1203						
17111	21	1					关于钟离自己…	2001						
17112	21	1					关于我们·黄金	2002						
17113	21	6					关于我们·契约	2003						
17114	21	6					关于我们·公平	2004						
17115	21	6					关于我们·困惑	2006						
17116	21	4					关于「神之眼」…	3001						
17117	21	1					有什么想要分享…	3002						
17118	21	1					感兴趣的见闻…	3003						
17119	21	4					关于魈…	4001						
17120	1	4					关于温迪…	4002						
17121	21	4					关于凝光…	4003						
17122	21	4					关于胡桃…	4004						
17123	1	4					关于公子…	4005						
17124	21	1					想要了解钟离·其一	5001						
17125	21	3					想要了解钟离·其二	5002						
17126	21	4					想要了解钟离·其三	5003						
17127	1	5					想要了解钟离·其四	5004						
17128	1	6					想要了解钟离·其五	5005						
17129	21	1					钟离的爱好…	6001						
17130	21	1					钟离的烦恼…	6002						
17131	21	1					喜欢的食物…	6003						
17132	21	1					讨厌的食物…	6004						
17133	1	1					生日…	7001						
17134	21	2					突破的感受·起	8001						
17135	1	3					突破的感受·承	8002						
17136	1	4					突破的感受·转	8003						
17137	1	5					突破的感受·合	8004						
18001	22	1			角色详细	如果向蒙德的酒客们说起西风骑士团战力最强的成员，\n恐怕大多数人会列举大名鼎鼎的代理团长琴、骑兵队长凯亚或神秘的贵公子迪卢克。\n但也有人在醉眼朦胧间，目睹了一位红色骑士将整座望风山地夷为平地的壮举——\n若想寻访这位神秘的骑士，恐怕就要到西风骑士团的禁闭室一探究竟了。\n假如禁闭室空空如也，或许某些爆炸性的糟糕事件就快要发生了…\n可莉就是这样的「危险人物」。作为骑士团正式成员，她的战力不容小觑。\n而作为一个过于活泼的孩子，她的破坏力同样巨大。\n毕竟，与蒙德其他小孩子不同，爆炸物才是可莉最为喜爱的玩具。								
18002	22	2			角色故事1	三年前，可莉被身为知名冒险家的父母托付给西风骑士团。\n年幼的可莉就这样和「那位白色的哥哥」一起，与蒙德的「家人们」结下了缘分。\n可莉对外界一切都抱有纯真的爱与好奇。对于会爆炸的物件，她更是始终投以极度的热忱。\n在骑士团呵护之下，她得以远离恶意与中伤。\n小小的少女与骑士团众人缔结了无法割舍的缘分。\n对可莉来说，被琴关禁闭室的日常、帮助安柏改进兔兔伯爵的日常，或偷偷研制新型炸弹的日常…\n所有这些，都是她珍贵的宝物。								
18003	22	3			角色故事2	「那样的父母会培养出这样的孩子，也是理所当然吧…」\n被成堆公物破坏报告搞得焦头烂额的代理团长琴，偶尔会扶额感叹。\n炸得七零八落的车辆、莫名起火的货棚、骑士们好不容易才扑灭的森林火灾…\n还有惨不忍睹的「星落湖鱼类大量非正常伤亡案件」…\n造成这些的凶手只有一人，此人正出在骑士团总部——\n「可莉！」\n面对代理团长严厉的目光，看似人畜无害的小小少女只好把身上藏得满满当当的爆炸物逐件上缴。\n随后在幸灾乐祸的骑兵队长护送下，哭唧唧地前往禁闭室。\n这样的故事，大概每周都会重演那么一两次。								
18004	22	4			角色故事3	当然，每次闯完祸后，可莉也会努力帮忙收拾烂摊子。\n虽说有时又会因为她大剌剌的性子将事情搅得更加复杂：\n想要做烤鱼补偿骑士团的大家，却不小心把灶台炸上了天；\n焦急地想要借风灭火，又把火扩散到了更远的草原…\n可莉绝不是坏孩子，好奇与贪玩的本性却总驱使她做出不计后果的行为。\n而每次犯了错误，又总会愧疚地试图弥补。\n但凡可莉被满心郁闷的琴团长放出禁闭室，不出两天，蒙德城某处一定又会传来爆炸声。\n作为骑士团内大名鼎鼎的「火花骑士」，其威能总会在奇怪的地方频繁展现。								
18005	22	5			角色故事4	虽说可莉为骑士团和蒙德城招惹了不少乱子，但她绝不是为骑士团拖后腿的见习新人。\n相反，一旦她的才能用对地方，也将爆发出可畏的实力。\n某次讨伐行动中，琴巧妙借助可莉的爆破天赋，一举消灭了所有进犯的丘丘人。\n只是可莉出于一贯不计后果的童心，布下了过多炸弹，造成巨大爆炸，永久改变了望风山地的地貌…\n大家都被吓得不轻，所幸骑士团无人受伤。\n「望风山地红衣骑士」的传说，就此在蒙德流传开来。\n据说她身披一袭神秘红衣，怀中抱着骑士团最隐秘的宝物…\n只有可莉本人知道，空穴来风的「宝物」究竟是什么东西。								
18006	22	6			角色故事5	 对可莉而言，骑士团是她不可或缺的家人，已踏上冒险征途的母亲则是「偶像」。\n著名大冒险家艾莉丝，《提瓦特旅行指南》的作者——在可莉心中，妈妈非常厉害，无所不能。\n无论是自幼时手把手教她调配装药，挑选引信，还是一步步引导她以自己的创意制造更壮观，更漂亮的烟花…\n教育她如何规划受力点，才能炸毁整座摘星崖…\n或是被骑士团抓到现行之后一起在面色发青的霍夫曼面前挨训，对彼此尴尬地吐舌头…\n这些都是可莉与妈妈珍藏的记忆。\n直到后来，妈妈和爸爸去了很遥远、很危险的地方，临行前将可莉托付给阿贝多哥哥和骑士团来照料。\n但小小的可莉早就明白，自己总有一天也会长大，踏上妈妈的道路。\n总有一天，她的作品也会让妈妈为之骄傲。								
18007	22	1			「嘟嘟可」	暂未开放								
18008	22	1			神之眼	暂未开放								
18009	22	1					初次见面…	1000						
18010	22	1					早上好…	1001						
18011	22	1					中午好…	1002						
18012	22	1					晚上好…	1003						
18013	22	1					晚安…	1004						
18014	22	1					闲聊·收获	1101						
18015	22	1					闲聊·冒险	1102						
18016	22	1					闲聊·守则	1103						
18017	22	1					下雨的时候…	1201						
18018	22	1					打雷的时候…	1202						
18019	22	1					刮大风了…	1203						
18020	22	1					关于可莉自己·肇事	2001						
18021	22	1					关于可莉自己·赔偿	2002						
18022	1	1					关于我们·骑士	2003						
18023	22	6					关于我们·玩伴	2004						
18024	22	4					关于「神之眼」…	3001						
18025	22	1					有什么想要分享…	3002						
18026	22	1					感兴趣的见闻…	3003						
18027	22	4					关于雷泽…	4001						
18028	22	4					关于父母…	4002						
18029	22	4					关于凯亚…	4003						
18030	22	4					关于安柏…	4004						
18031	22	4					关于琴…	4005						
18032	22	4					关于迪卢克…	4006						
18033	22	4					关于丽莎…	4007						
18034	22	4					关于班尼特…	4008						
18035	22	4					关于迪奥娜…	4009						
18036	22	1					想要了解可莉·其一	5001						
18037	22	3					想要了解可莉·其二	5002						
18038	22	4					想要了解可莉·其三	5003						
18039	22	5					想要了解可莉·其四	5004						
18040	22	6					想要了解可莉·其五	5005						
18041	22	1					可莉的爱好…	6001						
18042	22	1					可莉的烦恼…	6002						
18043	22	1					喜欢的食物…	6003						
18044	22	1					讨厌的食物…	6004						
18045	1	1					生日…	7001						
18046	22	3					突破的感受·起	8001						
18047	22	4					突破的感受·承	8002						
18048	22	5					突破的感受·转	8003						
18049	22	6					突破的感受·合	8004						
19001	23	1			角色详细	菲谢尔是由异世界的「幽夜净土」流落至此的「断罪之皇女」。\n她与会说话的夜鸦眷属「奥兹」一同，「观测编织命运的因果之丝」。\n出于某些她说不清，而奥兹又不愿明说的原因…菲谢尔目前正以调查员身份供职于冒险家协会。								
19002	23	2			角色故事1	身为冒险家协会的调查员，菲谢尔拥有奥兹这一得天独厚的优势。\n「小姐，请不要再派我去窥探风魔龙的动向了。以我这幅身板，恐怕连给那家伙塞牙缝都不够啊。」\n「哼哼。能有幸成为断罪之皇女眷属的你，为我献出包括视力与生命在内的一切，也是自然的吧？」\n能看见奥兹所见一切的她，只要愿意，就能寄宿在夜鸦之中，振翅高飞，俯瞰大地。\n无论是望风山地的生态，还是奔狼领的骚动，都能透过奥兹的鸦眼，看得清清楚楚。\n这样的特殊能力，加上一点点努力和奇妙的个性，让她成为了冒险家协会调查员中的新星，赢得了大家的认可。\n菲谢尔十四岁时作为调查员加入冒险家协会一事，据说是由她父母介绍的。\n不过，既然菲谢尔是断罪之皇女，那她的父母，难不成是断罪之皇帝与断罪之皇后陛下吗…								
19003	23	3			角色故事2	据说在冒险家当中，流通着一本《菲谢尔辞典》。\n那可是本奇书，能将菲谢尔用语转换为浅显易懂的词句。\n譬如说，「我听见，回响的在时间之渊中的往日烈风，吹彻在因果的洪流中被忘却的尖塔」代表着「风龙遗迹」；\n「负担断罪之名的侍者哟，就如你所愿，准备好承担皇女的伟大智慧」的意思是「我调查一下，马上给你结果」；\n「欢唱吧！贪求着皇女祝圣之仪的扈从们，请怀着猛虎之心，深入战场吧」则表示，她已经将前期调查报告准备妥当。\n而「一切，都记载在这本漆黑的预言书中」，则意味着她已经根据冒险家的报告，以自己的行文写好了冒险家日志…\n——但其实，所谓的《菲谢尔辞典》并不是成文的书卷。\n熟悉她的人，会用心聆听她的每一句话，并理解话语的含义。这才是对她的尊重与认可。\n「哼，果然你也能明白。不愧与我命运相连之人。」\n如果能顺着她的意思说上几句，她会害羞且高兴地夸奖你语言学习能力优异：\n「皇女从不吝啬赞美…那，再陪我多说一会。咳咳，不要误会，这些是要化作新世界基石与薪柴的东西…」								
19004	23	4			角色故事3	奥兹与皇女菲谢尔不仅是挚友、主从，更是共享灵魂与命运的关系。\n他们的初遇发生在《菲谢尔皇女夜谭》的卷一：「末日解体概要」。\n孤独巡礼的皇女抵达永恒黄昏之国时，抗拒命运的黄昏王族在无可抗拒的绝望中选择了否定。\n他们的否定是如此彻底，不但否定了菲谢尔身为幽夜净土主宰皇女的尊贵身份与使命，否定了自己守望幽夜净土的职责，否定了自己身为皇家旁支传承一万三千年的血脉，还否定了身为人的高贵与矜持，进而退化成为愚钝凶暴的兽群。\n在黄昏的宫廷中，在野兽的撕扯中，皇女高洁的血如珍珠般洒落在古老的纹章上。\n危机时刻，如夜幕般宽广的黑翼撕开了绝望，庇护着负伤被困的皇女。\n循着贵种之血的气息，夜鸦之王奥兹华尔多·赫芙那梵恩斯终于来到孤独的皇女身边，向她宣誓永远效忠…								
19005	23	5			角色故事4	有这么一个故事。很久很久以前，在很远很远的地方，有一个很小很小的小女孩。\n小女孩的爸爸妈妈都是忙碌的冒险家。她自幼在图书馆中，跟随书页跨越了一千个宇宙，\n成了幽夜净土的主人，成了降下圣裁之雷的皇族之女，与漆黑的夜鸦成为共享命运的至交…\n……\n「██，今天看了什么书呢？」难得从冒险中返回的爸爸妈妈，这么问她。\n然后，她会告诉他们，从自己喜欢的系列小说中读到的故事：\n「…于是他说：菲谢尔·冯·露弗施洛斯·那菲多特，你可是断罪的皇女，是我引以为豪的女儿，无论如何也不能放弃崇高与梦想。」\n「哦哦，是很好的故事呢。既然██这么喜欢，就叫你『小菲谢尔』吧。」爸爸笑着摸摸她的头，\n「小菲谢尔你可是了不得的皇女，是我引以为豪的女儿。无论如何，也不要放弃崇高与梦想喔。」\n温柔的话语充满善意与嘉许，点亮了她的心。\n但与忙碌父母相伴的温暖时间总是如此短暂。\n因沉醉幻想小说而与周遭格格不入的她，每当孤独，每当痛苦，总会告诉自己：\n「我是菲谢尔，是了不得的皇女。这是连爸爸妈妈也认可的…」\n「无论如何都不能放弃崇高与梦想…因为这些都是，对皇女的考验。」								
19006	23	6			角色故事5	正如《菲谢尔皇女夜谭》的宇宙，最终因熵增而走向寂灭。\n那个沉醉幻想的小女孩，也无可避免地长大了一些。\n十四岁生日当天，不愿理解菲谢尔的孩子们再次嘲弄了她。\n这只是高贵皇女难免遭受的小小挫败罢了，爸爸妈妈一定能明白的。她心想。\n身为皇女，无论如何也不能放弃崇高与梦想。\n当她回到父母身边，期望寻得安慰时，迎接她的却是温柔而疲惫的话语：\n「啊，██。你已经十四岁了，该从那些小孩子的幻想里走出来了…」\n熟悉的声音就像烧红的细剑，刺穿了少女的胸口。\n那天午夜，躲在无比熟悉的图书馆里，少女感觉到异样的视线，听见了不应属于这个世界的振翅之声。\n透过哭得红肿的眼睛，她与不属于这个世界的漆黑夜鸦对上了目光。\n而那之后的事情，就是另一个故事了…\n菲谢尔不喜欢这个故事。每当想起这个故事，她就会感到窒息般的痛楚、噬咬般的孤独。\n或许有一天，这个故事会被谁写下来吧。但那只是██的故事罢了，和菲谢尔没有关系。\n皇女只有一个名字，那就是菲谢尔。\n菲谢尔只有一个身份，那就是皇女。\n简单又完美的逻辑。只要将其熟记于心，加上一点点皇女的崇高，和一点点他人的体贴，就没有什么能伤得了她。\n况且，如今的皇女菲谢尔不但拥有奥兹，还与那位同样来自另一个世界的旅人相识了…								
19007	23	1			《菲谢尔皇女夜谭·「极夜幻想组曲」》	暂未开放								
19008	23	1			神之眼	暂未开放								
19009	23	1					初次见面…	1000						
19010	23	1					早上好·问候菲谢尔	1001						
19011	23	1					早上好·问候奥兹	1002						
19012	23	1					中午好…	1003						
19013	23	1					晚上好…	1004						
19014	23	1					晚安…	1005						
19015	23	1					闲聊·真命低语	1101						
19016	23	1					闲聊·天地创造	1102						
19017	23	1					闲聊·彼方之人	1103						
19018	23	1					雨过天晴…	1201						
19019	23	1					打雷的时候…	1202						
19020	23	1					下雪的时候…	1203						
19021	23	1					阳光很好…	1204						
19022	23	1					关于菲谢尔自己·断罪之皇女	2001						
19023	23	1					关于我们·降临此间之人	2002						
19024	23	6					关于我们·射落世界之兽	2003						
19025	23	6					关于我们·重要之人	2004						
19026	23	6					关于我们·守望	2005						
19027	23	4					关于「神之眼」…	3001						
19028	23	1					有什么想要分享…	3002						
19029	23	1					感兴趣的见闻…	3003						
19030	23	4					关于班尼特…	4001						
19031	23	4					关于丽莎…	4002						
19032	23	4					关于凯亚…	4003						
19033	23	4					关于莫娜…	4004						
19034	23	4					关于罗莎莉亚…	4005						
19035	23	1					想要了解菲谢尔·其一	5001						
19036	23	3					想要了解菲谢尔·其二	5002						
19037	23	4					想要了解菲谢尔·其三	5003						
19038	23	5					想要了解菲谢尔·其四	5004						
19039	23	6					想要了解菲谢尔·其五	5005						
19040	23	1					菲谢尔的爱好·询问菲谢尔	6001						
19041	23	1					菲谢尔的爱好·询问奥兹	6002						
19042	23	1					菲谢尔的烦恼…	6003						
19043	23	1					喜欢的食物…	6004						
19044	23	1					讨厌的食物…	6005						
19045	1	1					生日…	7001						
19046	23	3					突破的感受·起	8001						
19047	23	4					突破的感受·承	8002						
19048	23	5					突破的感受·转	8003						
19049	23	6					突破的感受·合	8004						
20001	24	1			角色详细	「班尼冒险团」是冒险家协会蒙德分会的一个特例。\n为了相互扶持、降低意外率而设置的「冒险团」机制，要求团队内至少有三到四名常驻冒险者。\n而班尼特作为团长的「班尼冒险团」仅有团长一人在队。这种状态已经维持了很久。\n队员的流失，与团长班尼特那「霉运缠身」的体质脱不开关系。\n但对冒险充满着热情的班尼特，并不会因此而感到孤单——\n偶尔，内心深处有过那么一次两次。也许吧。								
20002	24	2			角色故事1	冒险家杰克，曾是「班尼冒险团」的第一号受害人。\n在离宝藏只有几步之遥的时刻，百年难遇的岩元素乱流忽然发生，强力地震在众人面前创造了一道万丈沟壑。\n「近在咫尺又遥不可及的感觉…就像爱情。」\n虽说杰克在岩石崩裂中只受了些擦伤，但此事对他的冒险生涯造成了巨大打击，看起来一度像是失恋了一样。\n团员罗伊斯在一次秘境探险时听到一声「嘿咻！」，随后在巨响中失去了知觉。\n事后罪魁祸首可莉被关了七天禁闭，理由是把冒险者正在探索的秘境当成巨大的兔子洞给炸掉了。\n赫克勒自从加入「班尼冒险团」便开始了为期一周的严重腹泻，虽说明显是食物中毒的症状，但赫克勒坚持将它归咎于团长的坏运气。\n「他们还会回来的，只是请假了哈哈…拜托你不要把班尼冒险团的登记注销…」\n面对班尼特诚恳的请求，凯瑟琳小姐叹了口气，并没有把那些团员早已跳槽的事实当面揭穿。								
20003	24	3			角色故事2	曾有一处令人无比绝望的险境。\n正有一位老冒险家深入其中。\n烈焰烧灼着他的皮肤，雷鸣仿佛要将鼓膜击穿，狂风肆意撕扯着他的灵魂。\n在地狱一般的旅途最后，等在终点的却是…一个婴儿。\n老冒险家原本认为，他才是第一个涉足这「绝境」的生命。但不论如何，都无法解释眼前的景象。\n此时，一个想法冒了出来，而且他相信那就是真相。\n「这个婴儿…是被世界抛弃的孩子。」\n没能得到神兵利器或是珠宝黄金，可老人脸上并未浮现一丝失望，似乎眼前这个命悬一线的小家伙就是「宝藏」。\n「这趟冒险也一定有它的意义所在吧」，老人这样想着，将婴儿藏在怀中。\n哪怕他正在做的事，与世界的意志相违背。								
20004	24	4			角色故事3	老人还没来得及亲口讲述那段冒险经历，便伤重离世了，只留下这个从「绝境」中救下的孩子。\n临终前他吐出这样的字眼：「意志」、「冒险」与「终点的宝藏」。\n冒险家协会蒙德分会中，尚有几位无妻无子的老冒险家。他们给孩子取名「班尼特」，视如己出，精心抚养长大。\n自小懂事的班尼特也亲切地称呼他们每一个人为「老爹」。\n「老爹，你的假牙掉碗里了！」，「老爹，不要穿这件皮甲了，我给你买的衬衣呢？」，「雨天不要靠我太近啊老爹，会被雷劈到的！」。\n如今，照顾老无所依的「老爹」们，几乎花掉了班尼特冒险之余的所有时间。\n「老爹们可真是捡到宝藏了啊，哈哈。」现任会长塞琉斯一边笑着，一边用粗糙的大手没轻没重地拍着班尼特的后背。\n既然自己不够幸运，至少要努力为每一个他所爱的人带来幸运——班尼特是这么想的。\n无比不幸的冒险家班尼特，正跌跌撞撞地追寻着，被视为「幸运」象征的宝藏。								
20005	24	5			角色故事4	菲谢尔的眷属，乌鸦奥兹，称班尼特为「世界上最顽强的少年」。\n从他身上的累累伤痕也能看出，班尼特经历过无数困境。\n怪物袭击，遗迹坍塌，跌落悬崖…面对这些，「不幸经验」十分丰富的班尼特总能找到应对危机的手段。\n教堂的祈礼牧师芭芭拉，曾惊讶于他治疗脱臼的手法之娴熟。\n不幸所带来的另外一个礼物，则是有些「病态」的战斗天赋。\n「那孩子的动作，难道说…他感觉不到痛吗？」骑士团的法尔伽大团长在见到班尼特战斗的场面后，产生了极大的好奇。\n并非感觉不到疼痛，而是早已适应疼痛，化为日常感官的一部分。\n剧烈的疼痛对于班尼特来说，只是相当于嗅到了刺鼻的气味、看到了刺眼的光线一样。\n因此，超越人体极限的战斗方式与奋不顾身的攻击动作，成为了冒险家班尼特的标志。								
20006	24	6			角色故事5	死亡究竟是什么呢？总是游离在死亡边缘的班尼特不禁思考。\n班尼特知道将他「捡」回来的那位冒险家「老爹」，在死后留下诸多冒险传说供人称颂。\n班尼特知道无妻无子孑然一身的冒险家，在他的葬礼上不会有哀声泣泪，只有众多老友碰杯豪饮为他送别。\n班尼特知道蒙德冒险家最好的归宿，便是献身于追求宝藏与大地的秘密之路，再由风神将其灵魂带回故乡。\n他曾十分畏惧死亡。\n但思考过后的班尼特认为，死亡对冒险家而言或许是一件幸事。\n——可幸运的事与我无关啊？\n「启程吧，去找宝藏！」于是班尼特放弃了思考。								
20007	24	1			胶布绷带	暂未开放								
20008	24	1			神之眼	暂未开放								
20009	24	1					初次见面…	1000						
20010	24	1					早上好…	1001						
20011	24	1					中午好…	1002						
20012	24	1					晚上好…	1003						
20013	24	1					晚安…	1004						
20014	24	1					闲聊·宝藏	1101						
20015	24	1					闲聊·冒险	1102						
20016	24	1					闲聊·调侃	1103						
20017	24	1					下雨的时候…	1201						
20018	24	1					打雷的时候…	1202						
20019	24	1					阳光很好…	1203						
20020	24	1					刮大风了…	1204						
20021	24	1					关于班尼特自己·冒险团	2001						
20022	24	1					关于班尼特自己·坏运气	2002						
20023	24	1					关于我们·搭档	2003						
20024	24	6					关于我们·分工	2004						
20025	24	6					关于我们·险境	2005						
20026	24	4					关于「神之眼」…	3001						
20027	24	1					有什么想要分享…	3002						
20028	24	1					感兴趣的见闻…	3003						
20029	24	4					关于芭芭拉…	4001						
20030	24	4					关于可莉…	4002						
20031	24	4					关于菲谢尔…	4003						
20032	24	4					关于琴…	4004						
20033	24	4					关于法尔伽…	4005						
20034	24	4					关于雷泽…	4006						
20035	24	4					关于安柏…	4007						
20036	24	1					想要了解班尼特·其一	5001						
20037	24	3					想要了解班尼特·其二	5002						
20038	24	4					想要了解班尼特·其三	5003						
20039	24	5					想要了解班尼特·其四	5004						
20040	24	6					想要了解班尼特·其五	5005						
20041	24	1					班尼特的爱好…	6001						
20042	24	1					班尼特的烦恼…	6002						
20043	24	1					喜欢的食物…	6003						
20044	24	1					讨厌的食物…	6004						
20045	1	1					生日…	7001						
20046	24	3					突破的感受·起	8001						
20047	24	4					突破的感受·承	8002						
20048	24	5					突破的感受·转	8003						
20049	24	6					突破的感受·合	8004						
21001	25	1			角色详细	和普通的骑士团女仆相比，诺艾尔心中有着更加远大的梦想。\n在这被西风骑士团庇护了千年的城邦里，她与万千普通少男少女一样，都憧憬着有朝一日能穿上那副象征荣耀的甲胄。\n就算自身能力还不足以通过严苛的骑士选拔，至少也要在更近的地方学习骑士言行。\n训练学习之余，她很享受现在的生活——在蒙德城忙里忙外，出现在每一个需要帮助的人身边。\n「交给我吧！什么都可以交给我！」\n这是她的口头禅，所以有需要的话，就呼唤她的名字吧，她会很开心的。								
21002	25	2			角色故事1	诺艾尔是许多人眼中的万能女仆。\n这些人对诺艾尔都有相似的评价：「无处不在」。\n比如在宴会上，某个孩子想要一只碟子，却发现碟子全堆在柜子门前，处于只要打开门一定会全部掉出来摔碎的危险状态…\n「诺——艾——尔——！」\n孩子只需放声大喊，无处不在的诺艾尔便会立刻到达，将整个柜子放倒，取出一只盘子递给他，叮嘱他吃完烤肉后不要马上喝冰饮料。随后，再把柜子摆回原位，把其他盘子清洗干净摆放整齐。\n如此无处不在的诺艾尔，在人们看来极为神奇。\n但女仆的工作既不是神话也不是传说，诺艾尔仅仅是将一条准则贯彻到底：\n「一个不多，一个不少，该有的全都有，不该有的不能有。」\n诺艾尔觉得，自己并没什么特别之处，只是稍微多想了一点而已。								
21003	25	3			角色故事2	诺艾尔热衷于提供热情可靠、有时候甚至有些过度的帮助。\n如果在她路过的时候问她，用来野餐烤肉的篝火要怎么搭，她就会义无反顾地加入，不只是三两下搭好篝火，还会如疾风迅雷一般把烤肉架支起来，处理好食材，烹饪出香味扑鼻的大餐，试吃一口，叮嘱千万要烤熟，还有一定要灭尽火种严防山火，之后才离开。\n通常，大家不会介意这种帮忙方式。但偶尔，这样的举动也会带来神奇结果。\n曾有一位来自至冬国的商人试图在蒙德开展酒业生意。原本，他计划用欺骗的办法在这片土地打下钉子，再逐步用故乡的酒占据市场，摧毁蒙德酒业。\n他伪装成善良的商人，带着妻女来蒙德谈生意。身为远道而来的贵客，他们受到了诺艾尔的热情接待。\n起初，这位商人觉得诺艾尔的招待极为周到，与蒙德大多落后粗野的乡下人完全不同。但后来，他慢慢感觉到奇怪。\n诺艾尔总能提前知道他想干什么，她会为他打点行程。每天三餐，桌上的至冬国菜肴也总是一家人最爱吃的那种。她甚至知道商人女儿睡觉时喜欢抱着布偶，特地送来一只亲手缝制的布娃娃。\n如此举动，令商人不知该如何进行私下的商业计划。光是看到诺艾尔笑容满面的样子，商人都忐忑不安，认为她别有用意。\n最终，担惊受怕的商人带着妻女连夜离开蒙德，再也没有回来。\n诺艾尔以为是自己招待不周气走了客人，为此还消沉了几天。但实际上，这正是她认真工作的结果。								
21004	25	4			角色故事3	绝大多数时候，诺艾尔都是让人安心的存在，不过，偶尔也会有意外。\n某一天，她听说有位冒险家被困在了龙脊雪山，立刻收拾装备，独自进山搭救。\n当日的暴风雪如凶兽般顽劣，渺小人类在雪山上留下的痕迹会被瞬间抹去。想找一条安全上山的路线都很困难，更别说是寻找一个早已被白雪掩埋的人。\n诺艾尔却坚持在如此凶险的环境下进行搜救。大半天后，她终于在某个洞穴中找到了快要冻僵的冒险家。\n此时，诺艾尔的棉衣早已湿透，水壶里的水也冻成了冰块。饥寒交迫，她仍是挤出最后的力气，将冒险家背下了山。\n冒险家获救，诺艾尔却也力竭倒下。整整三天，她因高烧不省人事，整个骑士团辗转难眠，为她担心。\n所幸最后一切平安。\n类似的事发生过不止一次，骑士团的前辈们都很心疼诺艾尔。\n为了不让热心的诺艾尔陷入危险，琴只能尽量「发明」一些安全工作交给她，避免她接触到危险。不过，要是真出了什么大事，便轮到凯亚登场了。\n在蒙德的龙灾事件中，诺艾尔跃跃欲试，想要亲自解决灾害的源头。但在凯亚悉心安排下，她被无数个「紧急任务」支开，一直在城里奔波到了危机结束的那天。								
21005	25	5			角色故事4	诺艾尔看似娇小的身躯中蕴藏着非常强大的力量。这不仅仅是指她意志坚定，顽强不屈，也是指她的力气非常之大。\n有一此，丽莎的实验仪器不小心掉到书架底下，正在苦恼趴下去捡书是否有失体面。诺艾尔及时赶来，单手举起了装满书的书架。从拿起到放下，书架里的书都没被晃出一本。\n还有一次，几辆送货的货车在经过蒙德城侧门时被火史莱姆袭击，燃起大火。货主手忙脚乱之际，也是诺艾尔赶到，连货带车统统扔进果酒湖，跟着马上跳下水，把货物一个不漏地捞了回来。\n据说诺艾尔练剑时，差点让那位自诩手艺精良的铁匠瓦格纳沮丧到归隐山林。\n他前后尝试十几种矿石配方锻造出的所有长剑，只要被诺艾尔用上几次便会崩刃，无一例外。\n原本，瓦格纳以为是诺艾尔用剑的方法不对，后来才发觉，根本问题在于武器强度不足。\n瓦格纳赌上名誉，为诺艾尔定制了一把沉重又扎实的大剑，配合诺艾尔自身岩元素力加固，这才勉强解决了她的武器问题。\n不过请放心，诺艾尔不会在非必要场合展示她过人的力量，她本人也是暴力的反对者。\n只是听说，诺艾尔刚拿到定制大剑那天，在醉汉峡被两个喝醉的盗宝团成员盯上，当成了手无缚鸡之力的小绵羊…\n希望以后不要再有这样的倒霉鬼出现了。								
21006	25	6			角色故事5	诺艾尔最大的敌人之一，是羽球节。\n羽球节期间，教堂广场会摆出围成大圈的长桌，桌上摆满各色美食，供任何来到这里的人大快朵颐。\n桌上的美食通常由擅长烹饪的市民自发提供。一向严格要求自己的诺艾尔，也会在此期间不断地做菜、上菜。\n工作量并未增加太多，这件事的难处在于，作为女仆，她要事先品尝每一份端上桌的菜品，保证其风味与品质。\n香酥可口的「月亮派」、吃进嘴里咔嚓作响的「蒙德炸猪排」、将奶酪和肉摞成山一样的「堆高高」，还有各种油腻程度与幸福指数成正比的油炸食品与烤肉…这些都是必不可少的宴会菜肴。\n能在节日里看见大家欢笑举杯，诺艾尔打从心底感到愉快。可一旦看见吃得微微鼓起的腰腹，她又会忍不住唉声叹气一番。\n羽球节结束后，一整个月里，诺艾尔都会自愿加入西风骑士的夜巡队伍，不断在城内跑上跑下。\n即使节日已经落下帷幕，她的战斗也还没有结束。								
21007	25	1			「玫瑰的警示」	暂未开放								
21008	25	1			神之眼	暂未开放								
21009	25	1					初次见面…	1000						
21010	25	1					早上好…	1001						
21011	25	1					中午好…	1002						
21012	25	1					晚上好…	1003						
21013	25	4					晚安…	1004						
21014	25	1					闲聊·帮忙	1101						
21015	25	1					闲聊·休息	1102						
21016	25	1					闲聊·可靠	1103						
21017	25	1					下雨的时候…	1201						
21018	25	1					打雷的时候…	1202						
21019	25	1					阳光很好…	1203						
21020	25	1					起风的时候…	1204						
21021	25	1					关于诺艾尔自己·自律	2001						
21022	25	1					关于诺艾尔自己·分歧	2002						
21023	25	1					关于我们·身份	2003						
21024	25	6					关于我们·叮嘱	2004						
21025	1	1					关于我们·欢迎会	2005						
21026	25	4					关于「神之眼」…	3001						
21027	25	1					有什么想要分享…	3002						
21028	25	1					感兴趣的见闻…	3003						
21029	25	4					关于安柏…	4001						
21030	25	4					关于可莉…	4002						
21031	25	4					关于琴…	4003						
21032	25	4					关于法尔伽…	4004						
21033	25	4					关于凯亚…	4005						
21034	25	4					关于班尼特…	4006						
21035	25	6					关于菲谢尔·身世	4007						
21036	25	4					关于菲谢尔·茶点	4008						
21037	25	4					关于芭芭拉…	4009						
21038	25	1					想要了解诺艾尔·其一	5001						
21039	25	3					想要了解诺艾尔·其二	5002						
21040	25	4					想要了解诺艾尔·其三	5003						
21041	25	5					想要了解诺艾尔·其四	5004						
21042	25	6					想要了解诺艾尔·其五	5005						
21043	25	1					诺艾尔的爱好…	6001						
21044	25	1					诺艾尔的烦恼…	6002						
21045	25	1					喜欢的食物…	6003						
21046	25	1					讨厌的食物…	6004						
21047	1	1					生日…	7001						
21048	25	3					突破的感受·起	8001						
21049	25	4					突破的感受·承	8002						
21050	25	5					突破的感受·转	8003						
21051	25	6					突破的感受·合	8004						
22001	26	1			角色详细	在历史悠长的璃月港，各种妖邪异闻未曾断绝。无论真相如何，总要有人出面解决。\n重云出生在闻名璃月的驱邪世家，自幼便拥有能够慑退鬼怪的「纯阳之体」。他只需要到异闻之地静坐一番，妖邪就会四散而逃，不见所踪。\n但这对重云来说，是个很大的困扰——虽然在驱邪方面已经身经百战，但直到现在，他连一个妖邪的模样都没见过。\n重云认为，合格的方士就该用桃符与剑术来驱妖逐魔，依靠特殊的体质终究不是正道。\n因此，他苦心研习方术与武技，四处寻访有妖邪传闻的地方，只为证明自己不靠特殊体质，也能展现出作为方士的专业性。\n但…这体质究竟在什么时候，才能不生效呢？								
22002	26	2			角色故事1	重云初出茅庐的时候，璃月港内正有一桩怪谈广为流传。\n怪谈的源头是一位豪门阔太，她的身份高到与七星都能说上一两句话。\n她每天夜里都会听到古怪的声音，可是每次想要靠近声音的源头，那声音就会从反方向传来。她因此夜不能寐，惶惶不可终日。\n以那位阔太之富，自然能请动无数知名驱邪方士。但他们用了各式各样的方法，最后都只能铩羽而归。而那声音不仅没有消停，反而愈演愈烈。\n眼见驱邪无望，这位阔太面如死灰，而就在这时，重云踏入了她的宅门。\n「抱歉，前几天阳光太烈，没有及时出门…听说这里有很顽固的妖邪，请交给我吧。」\n在那之后，重云只是在宅子的中央静坐了一会儿。\n当天晚上，一切细声低语就全都消失了。\n阔太睡了一个久违的好觉，第二天就带了几大箱金银珠宝，去重云府上道谢。\n但重云依旧是不苟言笑的模样，只收了例行挂牌的几百摩拉，作为报酬。\n从那以后，重云声名鹊起，以其「行事风格」得到评价——心如磐石、面若冰霜。								
22003	26	3			角色故事2	事实上，重云的行事风格与「冰霜」之类，全然无关。\n自出生起就是纯阳之体的他，只会为自己体内过度的「热血」与「冲劲」而困扰。\n为了压制这种体质，重云已尝试了各种各样的办法。\n不喝热水，不吃热食，不沾辛辣，不衣厚裳，不争执，不起怒，暴晒之日不出门，驱邪时一定带伞…\n总之就是刻意避免与世间一切的「阳」产生接触。\n可即便如此，纯阳之体的力量还是没有衰弱。\n有些沮丧的他，决定将自己逼到极限。某日他听说在龙脊雪山上有妖邪出没，于是只穿了一件单衣，就跑去向山顶攀登。\n极度的寒冷让他难以维持体温，但他觉得光是这样还不够，于是就在结冰的湖面上凿开一个洞跳了进去，就这样等待着妖邪的出现。\n在风雪冰湖之中足足等待了半天以后，重云终于察觉到了动静。他认定这番苦守终于有了回报，兴奋地追了上去。\n结果从山顶一直追到山腰，他才发现那根本就不是什么妖邪，只是一只被飞天御剑和浮空桃符惊吓、到处乱窜的雪兔。\n在那之后，他发高烧的天数，也比常人要漫长得多。								
22004	26	4			角色故事3	纯阳之体不光是重云方士之路上的一大障碍，在日常生活中也必须格外小心地对待。\n他对「阳」的存在非常敏感，稍不注意，就会导致阳气暴走、性情大变。\n重云的家族曾在「万民堂」举办祝宴，虽然那次他刻意将所有菜放凉了再吃，但他没想到看上去温和软糯的丸子里，居然还包着「绝云椒椒」。\n一口下去之后，要说发生了什么事…重云自己也记不清了。\n但当时的受害者，「万民堂」的掌厨香菱，至今还记得好多经典片段：\n重云跳上掌柜长桌，大喊所有客人都由他一个人买单，但他其实根本没带钱；\n接着他与每一桌的客人攀谈，勾肩搭背地介绍他们家的方术究竟多么厉害，走的时候还不忘记吃上一口别人桌上的美食；\n后来他又突然说这「万民堂」就有妖邪，找了半天也找不到，就给香菱的额头上贴了一张符咒，用剑追着她到处跑。\n事后为了弥补损失和表达歉意，重云省吃俭用了一个月，才结清了「万民堂」的帐，还送了香菱一块亲手刻制的辟邪桃符。\n香菱倒是不在意重云的「冒犯」。在她看来，那场宴会上的重云，才是和大家距离最近的重云。								
22005	26	5			角色故事4	在漫长的妖邪寻访之路上，重云有一位非常信任的朋友——行秋。\n与信奉勤学苦练的重云相比，行秋天生聪颖，看问题的方式也更机灵。\n在听说了重云的苦恼之后，行秋想到了一个解决办法。\n「如果不是让纯阳之体失效，而是找到不会被纯阳之体吓跑的妖邪呢？」\n这句话点醒了重云，被他奉为圭臬。从此以后，重云就很希望能与行秋一起寻访他理想中的「合适」妖邪。\n但行秋是个需要安静下来看书的人，所以每当重云为此上门，他就会想方设法把重云支走。\n「什么？你说在云来海附近看到了传说中的傲因？好的，交给我吧！」\n「绯云坡的那间老宅，居然已经被恶鬼占据了吗？是我疏忽了，我现在就去。」\n「望舒客栈来了个驱邪高人？跟着他就能找到凶恶的妖邪了吧，那…不能空手去拜访，要准备点什么东西才行。」\n这些情报多半都是行秋信口胡诌的。重云往往败兴而归，苦着脸向行秋抱怨为什么自己运气这么差，每次都努力找了，还会花很多钱去买妖邪的情报，但最后还是会擦肩而过。\n如果此时行秋的书已经看完，那他就会笑容饱满地安慰重云不要灰心，带着他去吃新发现的冰凉小食，再帮他把被骗走的钱要回来。\n这么可靠又热心的朋友，重云当然会一如既往地相信他了。								
22006	26	6			角色故事5	重云其实也希望自己能更合群一点，但每次他都会为了控制纯阳之体，而拒绝来自他人的各种邀请。\n其中最让他难以理解的一种行为，叫做「泡温泉」。\n一池滚烫到冒烟的水，居然要泡在那个里面——这可比龙脊雪山的冰湖还要恐怖一百倍。\n但他发现每一个人在聊到温泉的时候，都说是真的很舒服，还有人说越烫的水越舒服，在泡完温泉后的几天身体都充满了力量。\n重云不明白这究竟是真话，还是在刻意捉弄他。\n他也想过，是不是该去试试。但显而易见地，他的纯阳之体一定会令他暴走。到那时会发生什么就没人知道了。\n某次行秋问他：\n「如果有一天，你真的驾驭了纯阳之体，又斩尽了天下妖邪，在那之后…你会去干什么呢？」\n看似无心的一句话，让重云困扰了很长时间——\n与旁人相比，或许他错过了很多很多东西。\n不过他并不遗憾，而是花了一些时间，找到了自己的答案。\n若那一天真的到来，就去泡温泉吧。								
22007	26	1			《妖邪奇志家录》	暂未开放								
22008	26	1			神之眼	暂未开放								
23001	27	1			角色详细	尽管已经进入愚人众最顶层的「执行官」之列，但「公子」达达利亚的外表，看起来似乎还是一位稚气未脱的青年。\n就如天鹅绒包裹的白银利刃一般，在开朗自信的外表之下，是锤炼到极致的剑客之躯。\n他是最年轻的愚人众执行官，也是最危险的愚人众执行官之一。\n然而，「公子」似乎永远与他的同僚们不太合得来。\n作为最纯粹的战士，他在这个充满阴谋的集体中显得格格不入。								
23002	27	2			角色故事1	暂未开放								
23003	27	3			角色故事2	暂未开放								
23004	27	4			角色故事3	暂未开放								
23005	27	5			角色故事4	暂未开放								
23006	27	6			角色故事5	暂未开放								
23007	27	1			达达利亚的家书	暂未开放								
23008	27	1			神之眼	暂未开放								
23009	27	1					初次见面…	1000						
23010	27	1					早上好…	1001						
23011	27	1					中午好…	1002						
23012	27	1					晚上好…	1003						
23013	27	1					晚安…	1004						
23014	27	1					闲聊·闲散	1101						
23015	27	1					闲聊·比试	1102						
23016	27	1					闲聊·愚人众	1103						
23017	27	1					闲聊·雪国故土	1104						
23018	27	1					雨过天晴…	1201						
23019	27	1					下雪的时候·异国	1202						
23020	27	1					下雪的时候·至冬国	1203						
23021	27	1					起风的时候…	1204						
23022	27	1					刮大风了·异国	1205						
23023	27	1					刮大风了·至冬国	1206						
23024	27	1					关于达达利亚自己…	2001						
23025	27	1					关于我们·同僚	2002						
23026	27	6					关于我们·兵器	2003						
23027	27	6					关于我们·生存	2004						
23028	27	6					关于我们·邀请	2005						
23029	27	4					关于「神之眼」…	3001						
23030	27	1					有什么想要分享…	3002						
23031	27	1					感兴趣的见闻…	3003						
23032	27	4					关于法尔伽…	4001						
23033	27	1					想要了解达达利亚·其一	5001						
23034	27	3					想要了解达达利亚·其二	5002						
23035	27	4					想要了解达达利亚·其三	5003						
23036	27	5					想要了解达达利亚·其四	5004						
23037	27	6					想要了解达达利亚·其五	5005						
23038	27	1					达达利亚的爱好…	6001						
23039	27	1					达达利亚的烦恼…	6002						
23040	27	1					喜欢的食物…	6003						
23041	27	1					讨厌的食物…	6004						
23042	1	1					生日…	7001						
23043	27	3					突破的感受·起	8001						
23044	27	4					突破的感受·承	8002						
23045	27	5					突破的感受·转	8003						
23046	27	6					突破的感受·合	8004						
