ID	类型	重量	排序权重	物件ID	可丢弃	使用等级	全局产出上限	数值用类型	材料类型	冷却时间	冷却组	堆叠上限	最大使用数量	获得即使用	禁止提示第一次获得	目标	[使用]1操作	[使用]1参数1	[使用]1参数2	[使用]1参数3	[使用]2操作	[使用]2参数1	[使用]2参数2	阶数	自动进包	是否分开掉落	$#VersionBegin	$#VersionEnd
101	1		12					角色经验							1									3				
102	1		13					冒险阅历							1									3				
103	2		10												1									3				
104	2		20												1									4				
105	1		11					好感经验							1									3				
106	1		10					体力							1									3				
107	1		10					体力							1									3				
201	1		30	70590012				原石	8						1									5	1			
202	1		10	70590011				摩拉	8						1									3				
210	2		10						5			8												2				
211	2		10						5			3												3				
221	2		401	70900001				扭蛋兑换券	5			1000000												5				
222	2		402	70900001				扭蛋兑换券	5			1000000												4				
223	2		403	70900001				扭蛋券	5			1000000												5				
224	2		404	70900001				扭蛋券	5			1000000												5				
301	2		405	70590016				七国徽印	5			2000												3	1			
302	2		405	70590017				七国徽印	5			2000												3	1			
303	2		405	70590019				七国徽印	5			2000												3	1			
304	2		405	70590020				七国徽印	5			2000												3	1			
305	2		405	70590014				七国徽印	5			2000												3	1			
306	2		405	70590018				七国徽印	5			2000												3	1			
307	2		405	70590015				七国徽印	5			2000												3	1			
911	2		10					命之座				1000												5				
912	2		10					命之座				1000												5				
913	2		10					命之座				1000												5				
914	2		10					命之座				1000												5				
915	2		10					命之座				1000												5				
916	2		10					命之座				1000												5				
917	2		10					命之座				1000												5				
1002	2							角色	7			1000	99	1			3	10000002						5				
1003	2							角色	7			1000	99	1			3	10000003						5				
1005	2							角色	7			1000	99	1			3	10000005						5				
1006	2							角色	7			1000	99	1			3	10000006						4				
1007	2							角色	7			1000	99	1			3	10000007						5				
1014	2							角色	7			1000	99	1			3	10000014						4				
1015	2							角色	7			1000	99	1			3	10000015						4				
1016	2							角色	7			1000	99	1			3	10000016						5				
1020	2							角色	7			1000	99	1			3	10000020						4				
1021	2							角色	7			1000	99	1			3	10000021						4				
1022	2							角色	7			1000	99	1			3	10000022						5				
1023	2							角色	7			1000	99	1			3	10000023						4				
1024	2							角色	7			1000	99	1			3	10000024						4				
1025	2							角色	7			1000	99	1			3	10000025						4				
1026	2							角色	7			1000	99	1			3	10000026						5				
1027	2							角色	7			1000	99	1			3	10000027						4				
1029	2							角色	7			1000	99	1			3	10000029						5				
1030	2							角色	7			1000	99	1			3	10000030						5				
1031	2							角色	7			1000	99	1			3	10000031						4				
1032	2							角色	7			1000	99	1			3	10000032						4				
1033	2							角色	7			1000	99	1			3	10000033						5				
1034	2							角色	7			1000	99	1			3	10000034						4				
1102	2		30					命之座				1000												5				
1103	2		30					命之座				1000												5				
1105	2		20					命之座				1000												5				
1106	2		20					命之座				1000												4				
1107	2		20					命之座				1000												5				
1114	2		20					命之座				1000												4				
1115	2		20					命之座				1000												4				
1116	2		30					命之座				1000												5				
1120	2		20					命之座				1000												4				
1121	2		20					命之座				1000												4				
1122	2		30					命之座				1000												5				
1123	2		20					命之座				1000												4				
1124	2		20					命之座				1000												4				
1125	2		20					命之座				1000												4				
1126	2		30					命之座				1000												5				
1127	2		20					命之座				1000												4				
1129	2		20					命之座				1000												5				
1130	2		30					命之座				1000												5				
1131	2		20					命之座				1000												4				
1132	2		20					命之座				1000												4				
1133	2		20					命之座				1000												5				
1134	2		20					命之座				1000												4				
2001	2			70610009				能量球	8			1000	99	1		2	11	1	9	3								
2002	2			70610010				能量球	8			1000	99	1		2	11	2	9	3								
2003	2			70610011				能量球	8			1000	99	1		2	11	3	9	3								
2004	2			70610012				能量球	8			1000	99	1		2	11	4	9	3								
2005	2			70610013				能量球	8			1000	99	1		2	11	7	9	3								
2006	2			70610014				能量球	8			1000	99	1		2	11	5	9	3								
2007	2			70610015				能量球	8			1000	99	1		2	11	8	9	3								
2008	2			70610016				能量球	8			1000	99	1		2	12	6										
2017	2			70610001				能量球	8			1000	99	1		2	11	1	3	1								
2018	2			70610002				能量球	8			1000	99	1		2	11	2	3	1								
2019	2			70610003				能量球	8			1000	99	1		2	11	3	3	1								
2020	2			70610004				能量球	8			1000	99	1		2	11	4	3	1								
2021	2			70610005				能量球	8			1000	99	1		2	11	7	3	1								
2022	2			70610006				能量球	8			1000	99	1		2	11	5	3	1								
2023	2			70610007				能量球	8			1000	99	1		2	11	8	3	1								
2024	2			70610008				能量球	8			1000	99	1		2	12	2										
2025	2			70610008					8			1000	99	1		2	12	20										
2026	2			70610008					8			1000	99	1			13	1	20									
2027	2			70610008					8			1000	99	1			13	1	15									
3001	2					5			12			1000	99															0.1
3002	2					10			12			1000	99															0.1
3003	2								12			1000	99															0.1
3004	2							角色	7			1000	99	1			3	10000002	15	0				5				
3005	2							角色	7			1000	99	1			3	10000023	15	0				4				
3006	2							角色	7			1000	99	1			3	10000003	15	0				5				
3007	2							角色	7			1000	99	1			3	10000016	15	0				5				
3008	2							角色	7			1000	99	1			3	10000022	15	0				5				
3018	2							角色	7			1000	99	1			3	10000014	15	0				4				
3019	2							角色	7			1000	99	1			3	10000020	15	0				4				
3009	2							角色	12			1000	99	1										5				0.1
3010	2							角色	12			1000	99	1										4				0.1
3011	2							角色	12			1000	99	1										5				0.1
3012	2							角色	12			1000	99	1										5				0.1
3013	2							角色	12			1000	99	1										5				0.1
3014	2							角色	12			1000	99	1										4				0.1
3015	2							角色	12			1000	99	1										4				0.1
3016	2							角色	12			1000	99	1										4				0.1
3017	2							角色	12			1000	99	1										4				0.1
3020	2							角色	12			1000	99	1										4				0.1
3021	2							角色	7			1000	99	1			3	10000015	5	0				4				
3022	2							角色	7			1000	99	1			3	10000006	5	0				4				
100001	2	1	201	70540003	1			采集物	15			40	99			4	10	300	Eff_UI_AvatarIcon_Recovery_Once							1		
100002	2	1	201	70540021	1			采集物	15			40	99			4	10	300	Eff_UI_AvatarIcon_Recovery_Once							1		
100011	2	1	305	70520004	1			采集物	4			9999														1		
100012	2	1	305	70520005	1			采集物	4			9999														1		
100013	2	1	305	70520014	1			采集物	4			9999														1		
100014	2	1	305	70520015	1			采集物	4			9999														1		
100015	2	1	305	70520008	1			采集物	4			9999														1		
100016	2	1	305	70520009	1			采集物	4			9999														1		
100017	2	1	305	70590010	1			采集物	4			9999														1		
100018	2	1	305	70520011	1			采集物	4			9999														1		
100019	2	1	305	70520012	1			采集物	4			9999														1		
100020	2	1	305	70540005	1			采集物	4			9999														1		
100021	2	1	307	70540013	1			采集物	4			9999														1		
100022	2	1	307	70540011	1			采集物	4			9999														1		
100023	2	1	307	70540018	1			采集物	4			9999														1		
100024	2	1	307	70540019	1			采集物	4			9999														1		
100025	2	1	307	70540020	1			采集物	4			9999														1		
100026	2	1	307	70540014	1			采集物	4			9999														1		
100027	2	1	307	70540008	1			采集物	4			9999														1		
100028	2	1	307	70540017				采集物	4			9999														1		
100029	2	1	307	70540015	1			采集物	4			9999														1		
100030	2	1	307	70540012	1			采集物	4			9999														1		
100031	2	1	307					采集物	4			9999														1		
100032	2	1	304					采集物	4			9999														1		
100033	2	1	304					采集物	4			9999														1		
100034	2	1	307					采集物	4			9999														1		
100051	2	1	305	70540001	1			采集物	4			9999														1		
100052	2	1	304	70540002	1			采集物	4			9999														1		
100053	2	1	304	70540006	1			采集物	4			9999														1		
100054	2	1	304	70540007	1			采集物	4			9999														1		
100055	2	1	307	70510004	1			采集物	4			9999														1		
100056	2	1	305	70590013	1			采集物	4			9999														1		
100057	2	1	307	70510009				采集物	4			9999														1		
100058	2	1	307	70510012				采集物	4			9999														1		
100061	2	1	305	70520016	1			采集物	4			9999														1		
100062	2	1	305	70540004	1			采集物	4			9999														1		
100063	2	1	305	70520013	1			采集物	4			9999														1		
100064	2	1	305	70520017	1			采集物	4			9999														1		
100072	2	1	304	70590006				采集物	4			9999														1		
100073	2	1	305	70540003				采集物	4			9999														1		
100074	2	1	305	70540003				食材加工物	4			9999														1		
100075	2	1	305					采集物	4			9999														1		
100076	2	1	305					采集物	4			9999														1		
100077	2	1	305					采集物	4			9999														1		
100078	2	1	305					采集物	4			9999														1		
100079	2	1	305	70590022	1			采集物	4			9999														1		
100080	2	1	305	70590023	1			采集物	4			9999														1		
100081	2	1	304					采集物	4			9999														1		
100082	2	1	304					采集物	4			9999														1		
100083	2	1	304					采集物	4			9999														1		
100084	2	1	305	70560005	1			采集物	4			9999														1		
100085	2	1	304					采集物	4			9999														1		
100086	2	1	305	70560001	1			采集物	4			9999														1		
100087	2	1	305	70590009	1			采集物	4			9999														1		
100088	2	1	305					采集物	4			9999														1		
100089	2	1	305					采集物	4			9999														1		
100090	2	1	304					采集物	4			9999														1		
101001	2	1	300	70560002	1			采集物	4			9999														1		
101002	2	1	301	70560003	1			采集物	4			9999														1		
101003	2	1	302	70560004	1			采集物	4			9999														1		
101101	2	1	303	70600053				武器图纸	4			1000												4				
101102	2	1	303	70600053				武器图纸	4			1000												4				
101103	2	1	303	70600053				武器图纸	4			1000												4				
101104	2	1	303	70600053				武器图纸	4			1000												4				
101105	2	1	303	70600053				武器图纸	4			1000												4				
101106	2							虚拟武器																4				
101107	2							虚拟武器																4				
101108	2							虚拟武器																4				
101109	2							虚拟武器																4				
101110	2							虚拟武器																4				
100003	2	1	10	70300001				任务道具	2			1000	1				1	2002										
100004	2	1	10	70300001	1			任务道具	2			1000																
100006	2	1	10	70300001	1			任务道具	2			1000																
100007	2	1	10	70300001	1			任务道具	2			1000																
100008	2	1	10	70300001	1			任务道具	2			1000																
100009	2	1	10	70300001	1			任务道具	2			1000																
100010	2	1	10	70300001	1			任务道具	2			1000																
100101	2	1	10	70300009	1			任务道具	2			1000																
100102	2	1	10	70300010	1			任务道具	2			1000																
100103	2	1	10	70300008	1			任务道具	2			1000																
100104	2	1	10	70300008	1			任务道具	2			1000																
100105	2	1	10	70300011	1			任务道具	2			1000																
100106	2	1	10	70300010	1			任务道具	2			1000																
100107	2	1	10	70300007	1			任务道具	2			1000	1	1		2	10	-100										
100108	2	1	10	70300012	1			任务道具	2			1000																
100109	2	1	10	70300012	1			任务道具	2			1000	1	1		2	10	100										
100110	2	1	10	70300006				任务道具	2			1																0.1
100111	2	1	10	70300006				任务道具	2			1																0.1
100112	2	1	10	70300006				任务道具	2			1																0.1
100113	2	1	10	70300001	1			任务道具	2			1000	1	1		2	10	0										0.1
100114	2	1	10	70300012	1			任务道具	2			1000																
100115	2	1	10	70300001	1			任务道具	2			1000																
100120	2	1	10	70300020	1			任务道具	2			1000																
100121	2	1	10	70300020	1			任务道具	9			1000												1				
100122	2	1	10	70300020	1			任务道具	9			1000												3				
100123	2	1	10	70300020	1			任务道具	9			1000												4				
100124	2	1	10	70300020	1			任务道具	9			1000												5				
100125	2	1	10	70220010	1			任务道具	2			1000																0.1
100126	2	1	10	70220011	1			任务道具	2			1000																0.1
100131	2	1	10	70300009	1			任务道具	2			1000																
100132	2	1	10	70300009	1			任务道具	2			1000																
100133	2	1	10	70300009	1			任务道具	2			1000																
100134	2	1	10	70300009	1			任务道具	2			1000																
100135	2	1	10	70300038				任务道具	2			1000			1												0.1	
100136	2	1	10	70900003				任务道具	2			1000	1	1		2	10	0										
100137	2	1	10	70900003				任务道具	2			1000	1	1		2	10	0										
100138	2	1	10	70900003				任务道具	2			1000	1	1		2	10	0										
100139	2	1	10	70900003				任务道具	2			1000	1	1		2	10	0										
100140	2	1	10	70900003				任务道具	2			1000	1	1		2	10	0										
100141	2	1	10	70900003				任务道具	2			1000	1	1		2	10	0										
100142	2	1	10	70900003				任务道具	2			1000	1	1		2	10	0										
100143	2	1	10	70900003				任务道具	2			1000	1	1		2	10	0										
100144	2	1	10	70900003				任务道具	2			1000	1	1		2	10	0										
100145	2	1	10	70800001				任务道具	2			1000	1			2	10	0										
100146	2	1	10	70800001				任务道具	2			1000	1			2	10	0										
100147	2	1	10	70800001				任务道具	2			1000	1			2	10	0										
100148	2	1	10	36				任务道具	2			1000	1	1		2	10	0										
100149	2	1	10	70800001				任务道具	2			1000	1	1		2	10	0										
100151	2	1	10	70600064				任务道具	2			1000																
100152	2	1	10	70800001				任务道具	2			1000	1			2		0										
100153	2	1	10	70800001				任务道具	2			1000	1			2		0										
100154	2	1	10	70800001				任务道具	2			1000	1			2		0										
100158	2	1	10	70300049				任务道具	2			1000													1			
100159	2	1	10	70300049				任务道具	2			1000													1			
100160	2	1	10	70300049				任务道具	2			1000													1			
100161	2	1	10	70300038				任务道具	2			1000																
100162	2	1	10	70300038				任务道具	2			1000																
100163	2	1	10	70300038				任务道具	2			1000																
100164	2	1	10	70300042				任务道具	2			1000																
100165	2	1	10	70300038				任务道具	2			1000																
100171	2	1	10	70300043				任务道具	2			1																
100172	2	1	10	70300044				任务道具	2			1													1			
100173	2	1	10	70300045				任务道具	2			1													1			
100174	2	1	10	70300050	1			任务道具	2			1000		1	1	2	10	0										0.1
100175	2	1	10	70300002				任务道具	2			1000													1			
100176	2	1	10	70300001				任务道具	2			1000													1			
100177	2	1	10	70300052	1			任务道具	2			1000		1	1	2	10	0									0.2	
100178	2	1	10	70310011				任务道具	2			1															0.1	
100179	2	1	10	70310012				任务道具	2			1															0.1	
100180	2	1	10	70310013				任务道具	2			1															0.1	
100181	2	1	10	70310014				任务道具	2			1															0.1	
100182	2	1	10	70310015				任务道具	2			1															0.1	
100183	2	1	10	70310016				任务道具	2			1															0.1	
100184	2	1	10	71700001				任务道具	2			1															0.1	
100185	2	1	10	71700008				任务道具	2			1															0.1	
100186	2	1	10	70300050	1			任务道具	2			1000		1	1	2	10	0									0.1	
100187	2	1	10	70300050	1			任务道具	2			1000		1	1	2	10	0									0.1	
100188	2	1	10	71700009				任务道具	2			1															0.1	
100189	2	1	10	71700010				任务道具	2			1															0.1	
100190	2	1	10	71700011				任务道具	2			1															0.1	
100191	2	1	10	71700012				任务道具	2			1															0.1	
100192	2	1	10	71700013				任务道具	2			1															0.1	
100193	2	1	10	71700014				任务道具	2			1															0.1	
100194	2	1	10	71700015				任务道具	2			1															0.1	
100195	2	1	10	71700016				任务道具	2			1															0.1	
100196	2	1	10	71700017				任务道具	2			1															0.1	
100197	2	1	10	71700018				任务道具	2			1															0.1	
100198	2	1	10	71700019				任务道具	2			1															0.1	
100199	2	1	10	71700020				任务道具	2			1															0.1	
100200	2	1	10	71700021				任务道具	2			1															0.1	
100201	2	1	10	71700022				任务道具	2			1															0.1	
100202	2	1	10	71700023				任务道具	2			1															0.1	
100203	2	1	10	71700024				任务道具	2			1															0.1	
100204	2	1	10	71700025				任务道具	2			1															0.1	
100205	2	1	10	71700026				任务道具	2			1															0.1	
100206	2	1	10	71700027				任务道具	2			1															0.1	
100207	2	1	10	71700028				任务道具	2			1															0.1	
100208	2	1	10	71700029				任务道具	2			1															0.1	
100236	2	1	10	71700045				任务道具	2			1															0	
100210	2	1	10	70300065				任务道具	2			1000																
100211	2	1	10	70300065				任务道具	2			1000																
100212	2	1	10	70300065				任务道具	2			1000																
100213	2	1	10	71700030				任务道具	2			1															0.1	
100214	2	1	10	70300066				任务道具	2			1															0.2	
100215	2	1	10	71700031				任务道具	2			1													1		0.2	
100216	2	1	10	71700032				任务道具	2			1															0.2	
100217	2	1	10	71700033				任务道具	2			1															0.2	
100218	2	1	10	71700034				任务道具	2			1															0.2	
100219	2	1	10	71700035				任务道具	2			1															0.2	
100220	2	1	10	71700036				任务道具	2			1															0.2	
100221	2	1	10	71700037				任务道具	2			1															0.2	
100222	2	1	10	71700038				任务道具	2			1															0.2	
100223	2	1	10	71700039				任务道具	2			1															0.2	
100224	2	1	10	71700040				任务道具	2			1															0.2	
100225	2	1	410	70300080				任务道具	5			100	1				24	70300080									0.2	
100226	2	1	10	71700042				任务道具	2			1															0.2	
100227	2	1	10	71700043				任务道具	2			1															0.2	
100228	2	1	10	71700044				任务道具	2			1															0.2	
100229	2	1	10	71700048				任务道具	2			1															0.2	
100230	2	1	10	71700049				任务道具	2			1															0.2	
100239	2	1	10	71700050				任务道具	2			1															0.2	
100240	2	1	10	71700051				任务道具	2			1															0.2	
100241	2	1	10	71700052				任务道具	2			1															0.2	
100231	2	1	10	71700047				任务道具	2			1															0.2	
100232	2	1	10	71700048				任务道具	2			1															0.2	
100237	2	1	10	70300009				任务道具	2			1													1		0.2	
100238	2	1	10	70300009				任务道具	2			1													1		0.2	
100242	2	1	10	71700073				任务道具	2			1													1		0.2	
100301	2	1	10	70300002				任务道具	2			1													1			
100302	2	1	10	70300001				任务道具	2			1													1			
100303	2	1	10	70300009				任务道具	2			1000																
100304	2	1	10	70300009				任务道具	2			1000																
100306	2	1	10	70210102				任务道具	2			1000													1			
100307	2	1	10	70210102				任务道具	2			1000																
100308	2	1	10	70210102				任务道具	2			1000																
100309	2	1	10	70300009				任务道具	2			1000																
100310	2	1	10	70300009				任务道具	2			1000																
100311	2	1	10	70300009				任务道具	2			1000																
100314	2	1	10					任务道具	2			1000																0.1
100316	2	1	10	70710015				任务道具	2			1																
100317	2	1	10	70710015				任务道具	2			1																
100318	2	1	10	70710015				任务道具	2			1																
100319	2	1	10	70710015				任务道具	2			1																
100320	2	1	10	70710015				任务道具	2			1																
100321	2	1	10	70710015				任务道具	2			1																
100322	2	1	10	70710015				任务道具	2			1																
100323	2	1	10	70710015				任务道具	2			1																
100324	2	1	10	70710015				任务道具	2			1																
100325	2	1	10	70710015				任务道具	2			1																
100326	2	1	10	70710015				任务道具	2			1																
100327	2	1	10	70710015				任务道具	2			1																
100328	2	1	10	70710015				任务道具	2			1																
100329	2	1	10	70710015				任务道具	2			1																
100330	2	1	10	70710015				任务道具	2			1																
100331	2	1	10	70710015				任务道具	2			1																
100332	2	1	10	70710015				任务道具	2			1																
100333	2	1	10	70710015				任务道具	2			1																
100334	2	1	10	70710015				任务道具	2			1																
100335	2	1	10	70710015				任务道具	2			1																
100336	2	1	10	70710015				任务道具	2			1																
100337	2	1	10	70710015				任务道具	2			1																
100338	2	1	10	70710015				任务道具	2			1																
100339	2	1	10	70710015				任务道具	2			1																
100340	2	1	10	70710015				任务道具	2			1																
100341	2	1	10	70710015				任务道具	2			1																
100342	2	1	10	70710015				任务道具	2			1																
100343	2	1	10	70710015				任务道具	2			1																
100344	2	1	10	70710015				任务道具	2			1																
100345	2	1	10	70710015				任务道具	2			1																
100346	2	1	10	70710015				任务道具	2			1																
100347	2	1	10	70710015				任务道具	2			1																
100348	2	1	10					任务道具	2			1																
100349	2	1	10	70710020				任务道具	2			100																
100351	2	1	10					任务道具	2			1																
100352	2	1	10	70600021				任务道具	2			1																
100353	2	1	10	70210102				任务道具	2			1000																
100354	2	1	10	70600021				任务道具	2			1																
100350	2	1	10	71700046				任务道具	2			1															0.2	
100356	2	1	10	70600021				任务道具	2			1																
100357	2	1	10					任务道具	2			1																
100358	2	1	10					任务道具	2			1																
100359	2	1	10					任务道具	2			1																
100360	2	1	10					任务道具	2			1																
100361	2	1	10					任务道具	2			1																
100362	2	1	10					任务道具	2			1																
100363	2	1	10					任务道具	2			1																
100364	2	1	10					任务道具	2			1																
100365	2	1	10	70210102				任务道具	2			1000																
100366	2	1	10					任务道具	2			1																
100367	2	1	10					任务道具	2			1																
100368	2	1	10					任务道具	2			1																
100369	2	1	10					任务道具	2			1																
100370	2	1	10					任务道具	2			1																
100371	2	1	10					任务道具	2			1																
100372	2	1	10					任务道具	2			1																
100373	2	1	10					任务道具	2			1																
100374	2	1	10					任务道具	2			1																
100375	2	1	10					任务道具	2			1																
100376	2	1	10					任务道具	2			1																
100377	2	1	10					任务道具	2			1																
100378	2	1	10					任务道具	2			1																
100379	2	1	10					任务道具	2			1																
100380	2	1	10					任务道具	2			1																
100381	2	1	10					任务道具	2			1																
100382	2	1	10					任务道具	2			1																
100383	2	1	10					任务道具	2			1																
100384	2	1	10					任务道具	2			1																
100385	2	1	10					任务道具	2			1																
100386	2	1	10					任务道具	2			1																
100387	2	1	10					任务道具	2			1																
100388	2	1	10	71700054				任务道具	2			1															0.2	
100389	2	1	10	71700055				任务道具	2			1															0.2	
100390	2	1	10	71700056				任务道具	2			1															0.2	
100391	2	1	10	71700057				任务道具	2			1															0.2	
100392	2	1	10					任务道具	2			1																
100393	2	1	10					任务道具	2			1																
100394	2	1	10					任务道具	2			1																
100395	2	1	10					任务道具	2			1																
100396	2	1	10					任务道具	2			1																
100397	2	1	10					任务道具	2			1																
100398	2	1	10	70600021				任务道具	2			1																
100399	2	1	10	71700058				任务道具	2			1															0.2	
100400	2	1	10	71700059				任务道具	2			1															0.2	
100401	2	1	10	71700060				任务道具	2			1															0.2	
100402	2	1	10	71700061				任务道具	2			1															0.2	
100403	2	1	10	71700062				任务道具	2			1															0.2	
100404	2	1	10	71700063				任务道具	2			1															0.2	
100405	2	1	10	71700064				任务道具	2			1															0.2	
100406	2	1	10	71700065				任务道具	2			1															0.2	
100407	2	1	10	71700066				任务道具	2			1															0.2	
100408	2	1	10	71700067				任务道具	2			1															0.2	
100409	2	1	10	71700068				任务道具	2			1															0.2	
100410	2	1	10	71700069				任务道具	2			1															0.2	
100411	2	1	10	71700070				任务道具	2			1															0.2	
100412	2	1	10	71700071				任务道具	2			1															0.2	
100413	2	1	10	71700072				任务道具	2			1															0.2	
100414	2	1	10					任务道具	2			1																
100415	2	1	10					任务道具	2			1																
100416	2	1	10					任务道具	2			1																
100417	2	1	10					任务道具	2			1																
100418	2	1	10					任务道具	2			1																
100419	2	1	10					任务道具	2			1																
100420	2	1	10					任务道具	2			1																
100421	2	1	10					任务道具	2			1																
100422	2	1	10					任务道具	2			1																
100423	2	1	10					任务道具	2			1																
100424	2	1	10					任务道具	2			1																
100425	2	1	10					任务道具	2			1																
100426	2	1	10	71700074				任务道具	2			1															0.2	
100427	2	1	10	70710057				任务道具	2			1															0.1	
100428	2	1	10	71700074				任务道具	2			1															0.1	
100429	2	1	10	71700074				任务道具	2			1																
100430	2	1	10	71700074				任务道具	2			1															0.1	
100431	2	1	10	71700077				任务道具	2			1															0.1	
100432	2	1	10	71700078				任务道具	2			1															0.1	
100433	2	1	10	71700079				任务道具	2			1															0.1	
100434	2	1	10	71700080				任务道具	2			1																
100435	2	1	10	71700081				任务道具	2			1															0.1	
100436	2	1	10	71700082				任务道具	2			1															0.1	
100437	2	1	10	71700084				任务道具	2			1															0.1	
100438	2	1	10	71700085				任务道具	2			1																
100439	2	1	10	71700086				任务道具	2			1															0.1	
100440	2	1	10	71700087				任务道具	2			1															0.1	
100441	2	1	10	71700088				任务道具	2			1															0.2	
100442	2	1	10	71700089				任务道具	2			1															0.2	
100443	2	1	10	71700090				任务道具	2			1															0.2	
100444	2	1	10	71700091				任务道具	2			1															0.2	
100445	2	1	10	71700092				任务道具	2			1															0.2	
100305	2	0	6					任务道具	2			2000	1			2	15	150313	300					3				
100312	2	0	6					任务道具	2			2000	1			2	15	110103	300					2				
100313	2	0	6					任务道具	2			2000	1			2	15	120203	300					3				
100233	2	1	5	70710011				任务道具	2			999														1		
100234	2	1	5	70710012				任务道具	2			999														1		
100235	2	1	5	70710013				任务道具	2			999														1		
100315	2	1	5					任务道具	2			1000														1		
100355	2	1	5					任务道具	2			1														1		
102001	2	1	210	70590001	1			能量球	1	5	1	1000	1			2	11	1	50									
102002	2	1	210	70590001	1			能量球	1	5	1	1000	1			2	11	2	50									
102003	2	1	210	70590001	1			能量球	1	5	1	1000	1			2	11	3	50									
102004	2	1	210	70590001	1			能量球	1	5	1	1000	1			2	11	4	50									
102005	2	1	210	70590001	1			能量球	1	5	1	1000	1			2	11	7	50									
102006	2	1	210	70590001	1			能量球	1	5	1	1000	1			2	11	5	50									
102007	2	1	210	70590001	1			能量球	1	5	1	1000	1			2	11	8	50									
102008	2	1	210	70590001	1			能量球	1	5	1	1000	1			2	12	50										
103001	2	1	210	70590002	1			能量球	1	10	2	1000	1			2	11	1	30									
103002	2	1	210	70590002	1			能量球	1	10	2	1000	1			2	11	2	30									
103003	2	1	210	70590002	1			能量球	1	10	2	1000	1			2	11	3	30									
103004	2	1	210	70590002	1			能量球	1	10	2	1000	1			2	11	4	30									
103005	2	1	210	70590002	1			能量球	1	10	2	1000	1			2	11	7	30									
103006	2	1	210	70590002	1			能量球	1	10	2	1000	1			2	11	5	30									
103007	2	1	210	70590002	1			能量球	1	10	2	1000	1			2	11	8	30									
103008	2	1	210	70590002	1			能量球	1	10	2	1000	1			2	12	30										
104001	2	1	100	70600021				角色经验书	6			1000	99			3	4	1000						2				
104002	2	1	100	70600022				角色经验书	6			1000	99			3	4	5000						3				
104003	2	1	100	70600023				角色经验书	6			1000	99			3	4	20000						4				
104011	2	1	5	70600031				武器矿石	11			1000					14	400						1				
104012	2	1	5	70600032				武器矿石	11			1000					14	2000						2				
104013	2	1	5	70600033				武器矿石	11			1000					14	10000						3				
104101	2	1	114	70600001				角色突破材料	14			1000												2				
104102	2	1	114	70600002				角色突破材料	14			1000												3				
104103	2	1	114	70600003				角色突破材料	14			1000												4				
104104	2	1	114	70600004				角色突破材料	14			1000												5				
104111	2	1	115	70600001				角色突破材料	14			1000												2				
104112	2	1	115	70600002				角色突破材料	14			1000												3				
104113	2	1	115	70600003				角色突破材料	14			1000												4				
104114	2	1	115	70600004				角色突破材料	14			1000												5				
104121	2	1	116	70600001				角色突破材料	14			1000												2				
104122	2	1	116	70600002				角色突破材料	14			1000												3				
104123	2	1	116	70600003				角色突破材料	14			1000												4				
104124	2	1	116	70600004				角色突破材料	14			1000												5				
104131	2	1	117	70600001				角色突破材料	14			1000												2				
104132	2	1	117	70600002				角色突破材料	14			1000												3				
104133	2	1	117	70600003				角色突破材料	14			1000												4				
104134	2	1	117	70600004				角色突破材料	14			1000												5				
104141	2	1	118	70600001				角色突破材料	14			1000												2				
104142	2	1	118	70600002				角色突破材料	14			1000												3				
104143	2	1	118	70600003				角色突破材料	14			1000												4				
104144	2	1	118	70600004				角色突破材料	14			1000												5				
104151	2	1	119	70600001				角色突破材料	14			1000												2				
104152	2	1	119	70600002				角色突破材料	14			1000												3				
104153	2	1	119	70600003				角色突破材料	14			1000												4				
104154	2	1	119	70600004				角色突破材料	14			1000												5				
104161	2	1	120	70600001				角色突破材料	14			1000												2				
104162	2	1	120	70600002				角色突破材料	14			1000												3				
104163	2	1	120	70600003				角色突破材料	14			1000												4				
104164	2	1	120	70600004				角色突破材料	14			1000												5				
104171	2	1	121	70600001				角色突破材料	14			1000												2				
104172	2	1	121	70600002				角色突破材料	14			1000												3				
104173	2	1	121	70600003				角色突破材料	14			1000												4				
104174	2	1	121	70600004				角色突破材料	14			1000												5				
104301	2	1	122	70600052				天赋书	14			2000												2				
104302	2	1	122	70600053				天赋书	14			2000												3				
104303	2	1	122	70600054				天赋书	14			2000												4				
104304	2	1	123	70600052				天赋书	14			2000												2				
104305	2	1	123	70600053				天赋书	14			2000												3				
104306	2	1	123	70600054				天赋书	14			2000												4				
104307	2	1	124	70600052				天赋书	14			2000												2				
104308	2	1	124	70600053				天赋书	14			2000												3				
104309	2	1	124	70600054				天赋书	14			2000												4				
104310	2	1	125	70600052				天赋书	14			2000												2				
104311	2	1	125	70600053				天赋书	14			2000												3				
104312	2	1	125	70600054				天赋书	14			2000												4				
104313	2	1	126	70600052				天赋书	14			2000												2				
104314	2	1	126	70600053				天赋书	14			2000												3				
104315	2	1	126	70600054				天赋书	14			2000												4				
104316	2	1	127	70600052				天赋书	14			2000												2				
104317	2	1	127	70600053				天赋书	14			2000												3				
104318	2	1	127	70600054				天赋书	14			2000												4				
105001	2	1	6	70600011					13			1000												1				
105002	2	1	6	70600012					13			1000												2				
105003	2	1	6	70600013					13			1000												3				
105004	2	1	6	70600014					13			1000												4				
106000	2	1	406	70900001	1				5	1	5	10	1			2	7	20										0.1
106001	2	1	406	70900001	1				5	1	5	10	1			2	8	20										0.1
107001	2	0	6	70590004	0			元素神瞳	10			2000													1			
107002	2	0	406	70590004	0				5			2000		1	1	2	12	20										
107003	2	0	6	70590021	0			元素神瞳	10			2000													1			
107004	2								12			1000	99	1			20	1000100						3				
107005	2								12			1	1	1										3				0.1
107006	2	0	406	70600055	0			地灵龛钥匙	5			2000													1			
107007	2	0	406	70600055	0			地灵龛钥匙	5			2000													1			
107008	2	0	407		0			体力	5			2000	1				25	107	3					4				
107009	2	0	407		0			体力	5			2000	1				25	106	60					4				
108000	2	0			0				1			2000																
108001	2	0	207		0			食物	1	0	0	2000	1			2	15	120201	300		0			2	1			
108002	2	0	207		0			食物	1	0	0	2000	1			2	15	120202	300		0			2	1			
108003	2	0	207		0			食物	1	0	0	2000	1			2	15	120203	300		0			2	1			
108004	2	0	203		0			食物	1	120	99	2000	1			5	5				15	200101		1	1			
108005	2	0	203		0			食物	1	120	99	2000	1			5	5				15	200102		1	1			
108006	2	0	203		0			食物	1	120	99	2000	1			5	5				15	200103		1	1			
108007	2	0	203		0			食物	1	120	99	2000	1			5	5				15	200101		1	1			
108008	2	0	203		0			食物	1	120	99	2000	1			5	5				15	200102		1	1			
108009	2	0	203		0			食物	1	120	99	2000	1			5	5				15	200103		1	1			
108010	2	0	203		0			食物	1	120	99	2000	1			5	5				15	200104		1	1			
108011	2	0	201		0			食物	15	0	0	2000	1			4	10	750	Eff_UI_AvatarIcon_Recovery_Once		15	105101		1	1			
108012	2	0	201		0			食物	15	0	0	2000	1			4	10	850	Eff_UI_AvatarIcon_Recovery_Once		15	105102		1	1			
108013	2	0	201		0			食物	15	0	0	2000	1			4	10	1100	Eff_UI_AvatarIcon_Recovery_Once		15	105103		1	1			
108014	2	0	201		0			食物	15	0	0	2000	1			4	10	1300	Eff_UI_AvatarIcon_Recovery_Once		15	105104		1	1			
108015	2	0	202		0			食物	1	0	0	2000	1			2	15	100201	31		0			2	1			
108016	2	0	202		0			食物	1	0	0	2000	1			2	15	100202	31		0			2	1			
108017	2	0	202		0			食物	1	0	0	2000	1			2	15	100203	31		0			2	1			
108018	2	0	202		0			食物	1	0	0	2000	1			2	15	100204	31		0			2	1			
108019	2	0	202		0			食物	1	0	0	2000	1			2	15	100101	31		0			1	1			
108020	2	0	202		0			食物	1	0	0	2000	1			2	15	100102	31		0			1	1			
108021	2	0	202		0			食物	1	0	0	2000	1			2	15	100103	31		0			1	1			
108022	2	0	203		0			食物	1	120	99	2000	1			5	5				15	200201		2	1			
108023	2	0	203		0			食物	1	120	99	2000	1			5	5				15	200202		2	1			
108024	2	0	203		0			食物	1	120	99	2000	1			5	5				15	200203		2	1			
108025	2	0	204		0			食物	1	0	0	2000	1			2	15	110201	300		0			2	1			
108026	2	0	204		0			食物	1	0	0	2000	1			2	15	110202	300		0			2	1			
108027	2	0	204		0			食物	1	0	0	2000	1			2	15	110203	300		0			2	1			
108028	2	0	205		0			食物	1	0	0	2000	1			2	15	140201	300		0			2	1			
108029	2	0	205		0			食物	1	0	0	2000	1			2	15	140202	300		0			2	1			
108030	2	0	205		0			食物	1	0	0	2000	1			2	15	140203	300		0			2	1			
108031	2	0	201		0			食物	15	0	0	2000	1			4	10	900	Eff_UI_AvatarIcon_Recovery_Once		15	105201		2	1			
108032	2	0	201		0			食物	15	0	0	2000	1			4	10	1100	Eff_UI_AvatarIcon_Recovery_Once		15	105202		2	1			
108033	2	0	201		0			食物	15	0	0	2000	1			4	10	1450	Eff_UI_AvatarIcon_Recovery_Once		15	105203		2	1			
108034	2	0	208		0			食物	1	30	98	2000	1			2	9	40			0			2	1			
108035	2	0	208		0			食物	1	30	98	2000	1			2	9	55			0			2	1			
108036	2	0	208		0			食物	1	30	98	2000	1			2	9	70			0			2	1			
108037	2	0	203		0			食物	1	120	99	2000	1			5	5				15	200201		2	1			
108038	2	0	203		0			食物	1	120	99	2000	1			5	5				15	200202		2	1			
108039	2	0	203		0			食物	1	120	99	2000	1			5	5				15	200203		2	1			
108040	2	0	203		0			食物	1	120	99	2000	1			5	5				15	200204	300	2	1			
108041	2	0	202		0			食物	1	0	0	2000	1			2	15	100301	31		0			3	1			
108042	2	0	202		0			食物	1	0	0	2000	1			2	15	100302	31		0			3	1			
108043	2	0	202		0			食物	1	0	0	2000	1			2	15	100303	31		0			3	1			
108044	2	0	202		0			食物	1	0	0	2000	1			2	15	100304	31		0			3	1			
108045	2	0	201		0			食物	15	0	0	2000	1			4	10	750	Eff_UI_AvatarIcon_Recovery_Once		15	105301		3	1			
108046	2	0	201		0			食物	15	0	0	2000	1			4	10	1250	Eff_UI_AvatarIcon_Recovery_Once		15	105302		3	1			
108047	2	0	201		0			食物	15	0	0	2000	1			4	10	2150	Eff_UI_AvatarIcon_Recovery_Once		15	105303		3	1			
108048	2	0	201		0			食物	15	0	0	2000	1			4	10	3100	Eff_UI_AvatarIcon_Recovery_Once		15	105304		3	1			
108049	2	0	207		0			食物	1	0	0	2000	1			2	15	120301	300		0			3	1			
108050	2	0	207		0			食物	1	0	0	2000	1			2	15	120302	300		0			3	1			
108051	2	0	207		0			食物	1	0	0	2000	1			2	15	120303	300		0			3	1			
108052	2	0	204		0			食物	1	0	0	2000	1			2	15	110301	300		0			3	1			
108053	2	0	204		0			食物	1	0	0	2000	1			2	15	110302	300		0			3	1			
108054	2	0	204		0			食物	1	0	0	2000	1			2	15	110303	300		0			3	1			
108055	2	0	205		0			食物	1	0	0	2000	1			2	15	140301	300		0			3	1			
108056	2	0	205		0			食物	1	0	0	2000	1			2	15	140302	300		0			3	1			
108057	2	0	205		0			食物	1	0	0	2000	1			2	15	140303	300		0			3	1			
108058	2	0	205		0			食物	1	0	0	2000	1			2	15	140304	300		0			3	1			
108059	2	0	206		0			食物	1	0	0	2000	1			2	15	160201	300		0			3	1			
108060	2	0	206		0			食物	1	0	0	2000	1			2	15	160202	300		0			3	1			
108061	2	0	206		0			食物	1	0	0	2000	1			2	15	160203	300		0			3	1			
108062	2	0	209		0			食物	1	0	0	2000	1			2	15	150311	300		0			3	1			
108063	2	0	209		0			食物	1	0	0	2000	1			2	15	150312	300		0			3	1			
108064	2	0	209		0			食物	1	0	0	2000	1			2	15	150313	300		0			3	1			
108065	2	0	203		0			食物	1	120	99	2000	1			5	5				15	200301		3	1			
108066	2	0	203		0			食物	1	120	99	2000	1			5	5				15	200302		3	1			
108067	2	0	203		0			食物	1	120	99	2000	1			5	5				15	200303		3	1			
108068	2	0	204		0			食物	1	0	0	2000	1			2	15	110301	300		0			4	1			
108069	2	0	204		0			食物	1	0	0	2000	1			2	15	110302	300		0			4	1			
108070	2	0	204		0			食物	1	0	0	2000	1			2	15	110303	300		0			4	1			
108071	2	0	209		0			食物	1	0	0	2000	1			2	15	150311	300		0			3	1			
108072	2	0	209		0			食物	1	0	0	2000	1			2	15	150312	300		0			3	1			
108073	2	0	209		0			食物	1	0	0	2000	1			2	15	150313	300		0			3	1			
108074	2	0	202		0			食物	1	0	0	2000	1			2	15	100301	31		0			3	1			
108075	2	0	202		0			食物	1	0	0	2000	1			2	15	100302	31		0			3	1			
108076	2	0	202		0			食物	1	0	0	2000	1			2	15	100303	31		0			3	1			
108077	2	0	201		0			食物	15	0	0	2000	1			4	10	750	Eff_UI_AvatarIcon_Recovery_Once		15	105301		3	1			
108078	2	0	201		0			食物	15	0	0	2000	1			4	10	1250	Eff_UI_AvatarIcon_Recovery_Once		15	105302		3	1			
108079	2	0	201		0			食物	15	0	0	2000	1			4	10	2150	Eff_UI_AvatarIcon_Recovery_Once		15	105303		3	1			
108080	2	0	204		0			食物	1	0	0	2000	1			2	15	110201	300		0			2	1			
108081	2	0	204		0			食物	1	0	0	2000	1			2	15	110202	300		0			2	1			
108082	2	0	204		0			食物	1	0	0	2000	1			2	15	110203	300		0			2	1			
108083	2	0	205		0			食物	1	0	0	2000	1			2	15	140201	300		0			2	1			
108084	2	0	205		0			食物	1	0	0	2000	1			2	15	140202	300		0			2	1			
108085	2	0	205		0			食物	1	0	0	2000	1			2	15	140203	300		0			2	1			
108086	2	0	207		0			食物	1	0	0	2000	1			2	15	120201	300		0			2	1			
108087	2	0	207		0			食物	1	0	0	2000	1			2	15	120202	300		0			2	1			
108088	2	0	207		0			食物	1	0	0	2000	1			2	15	120203	300		0			2	1			
108089	2	0	201		0			食物	15	0	0	2000	1			4	10	900	Eff_UI_AvatarIcon_Recovery_Once		15	105201		2	1			
108090	2	0	201		0			食物	15	0	0	2000	1			4	10	1100	Eff_UI_AvatarIcon_Recovery_Once		15	105202		2	1			
108091	2	0	201		0			食物	15	0	0	2000	1			4	10	1450	Eff_UI_AvatarIcon_Recovery_Once		15	105203		2	1			
108092	2	0	203		0			食物	1	120	99	2000	1			5	5				15	200101		1	1			
108093	2	0	203		0			食物	1	120	99	2000	1			5	5				15	200102		1	1			
108094	2	0	203		0			食物	1	120	99	2000	1			5	5				15	200103		1	1			
108095	2	0	203		0			食物	1	120	99	2000	1			5	5				15	200101		1	1			
108096	2	0	203		0			食物	1	120	99	2000	1			5	5				15	200102		1	1			
108097	2	0	203		0			食物	1	120	99	2000	1			5	5				15	200103		1	1			
108098	2	0	203		0			食物	1	120	99	2000	1			5	5				15	200101		1	1			
108099	2	0	203		0			食物	1	120	99	2000	1			5	5				15	200102		1	1			
108100	2	0	203		0			食物	1	120	99	2000	1			5	5				15	200103		1	1			
109000	2	0	408		0				5			2000	1															
109101	2	0	408	70600021	0		1	食谱	5			2000	1				17	1001						1	1			
109102	2	0	408	70600021	0		1	食谱	5			2000	1				17	2008						2	1			
109103	2	0	408	70600021	0		1	食谱	5			2000	1				17	2001						2	1			
109104	2	0	408	70600021	0		1	食谱	5			2000	1				17	2002						2	1			
109106	2	0	408	70600021	0		1	食谱	5			2000	1				17	3001						3	1			
109107	2	0	408	70600021	0		1	食谱	5			2000	1				17	3002						3	1			
109201	2	0	408	70600021	0		1	食谱	5			2000	1				17	1003						1	1			
109202	2	0	408	70600021	0		1	食谱	5			2000	1				17	2003						2	1			
109203	2	0	408	70600021	0		1	食谱	5			2000	1				17	2004						2	1			
109204	2	0	408	70600021	0		1	食谱	5			2000	1				17	3003						3	1			
109205	2	0	408	70600021	0		1	食谱	5			2000	1				17	3004						3	1			
109206	2	0	408	70600021	0		1	食谱	5			2000	1				17	3005						3	1			
109207	2	0	408	70600021	0		1	食谱	5			2000	1				17	3006						3	1			
109301	2	0	408	70600021	0		1	食谱	5			2000	1				17	1004						1	1			
109302	2	0	408	70600021	0		1	食谱	5			2000	1				17	1005						1	1			
109303	2	0	408	70600021	0		1	食谱	5			2000	1				17	3007						3	1			
109304	2	0	408	70600021	0		1	食谱	5			2000	1				17	3008						3	1			
109401	2	0	408	70600021	0		1	食谱	5			2000	1				17	2005						2	1			
109402	2	0	408	70600021	0		1	食谱	5			2000	1				17	2006						2	1			
109403	2	0	408	70600021	0		1	食谱	5			2000	1				17	2007						2	1			
109404	2	0	408	70600021	0		1	食谱	5			2000	1				17	4101						4	1			
109405	2	0	408	70600021	0		1	食谱	5			2000	1				17	1006						1	1			
109406	2	0	408	70600021	0		1	食谱	5			2000	1				17	1101						1	1			
109407	2	0	408	70600021	0		1	食谱	5			2000	1				17	1102						1	1			
109408	2	0	408	70600021	0		1	食谱	5			2000	1				17	2101						2	1			
109409	2	0	408	70600021	0		1	食谱	5			2000	1				17	2102						2	1			
109410	2	0	408	70600021	0		1	食谱	5			2000	1				17	2103						2	1			
109411	2	0	408	70600021	0		1	食谱	5			2000	1				17	2104						2	1			
109412	2	0	408	70600021	0		1	食谱	5			2000	1				17	3101						3	1			
109413	2	0	408	70600021	0		1	食谱	5			2000	1				17	3102						3	1			
109414	2	0	408	70600021	0		1	食谱	5			2000	1				17	3103						3	1			
110000	2	0	306		0				4			2000																
110001	2	0	306		0			食材加工物	4			2000																
110002	2	0	306		0			食材加工物	4			2000																
110003	2	0	306		0			食材加工物	4			2000																
110004	2	0	306		0			食材加工物	4			2000																
110005	2	0	306		0			食材加工物	4			2000																
110006	2	0	306		0			食材加工物	4			2000																
110008	2	0	306		0			食材加工物	4			2000																
110009	2	0	306		0			食材加工物	4			2000																
110010	2	0	306		0			食材加工物	4			2000																
110011	2	0	306		0			食材加工物	4			2000																
110012	2	0	306		0			食材加工物	4			2000																
110013	2	0	306		0			食材加工物	4			2000																
111006	2	0	211		0			合成产物	1			2000	1			2	15	130101	300					3	1			
111007	2	0	211		0			合成产物	1			2000	1			2	15	130102	300					3	1			
111008	2	0	211		0			合成产物	1			2000	1			2	15	130103	300					3	1			
111009	2	0	211		0			合成产物	1			2000	1			2	15	130104	300					3	1			
111010	2	0	211		0			合成产物	1			2000	1			2	15	130105	300					3	1			
111011	2	0	211		0			合成产物	1			2000	1			2	15	130106	300					3	1			
111012	2	0	211		0			合成产物	1			2000	1			2	15	130107	300					3	1			
111013	2	0	212		0			合成产物	1			2000	1			2	15	135101	300					3	1			
111014	2	0	212		0			合成产物	1			2000	1			2	15	135102	300					3	1			
111015	2	0	212		0			合成产物	1			2000	1			2	15	135103	300					3	1			
111016	2	0	212		0			合成产物	1			2000	1			2	15	135104	300					3	1			
111017	2	0	212		0			合成产物	1			2000	1			2	15	135105	300					3	1			
111018	2	0	212		0			合成产物	1			2000	1			2	15	135106	300					3	1			
111019	2	0	212		0			合成产物	1			2000	1			2	15	135107	300					3	1			
111020	2	0	409		0			合成产物	5			2000																
111021	2	0	409		0			合成产物	5			2000																
111022	2	0	409		0			合成产物	5			2000																
112001	2	1	101	70600052				怪物材料	14			9999												2				
112002	2	1	101	70600051				怪物材料	14			9999												1				
112003	2	1	101	70600052				怪物材料	14			9999												2				
112004	2	1	101	70600053				怪物材料	14			9999												3				
112005	2	1	102	70600051				怪物材料	14			9999												1				
112006	2	1	102	70600052				怪物材料	14			9999												2				
112007	2	1	102	70600053				怪物材料	14			9999												3				
112008	2	1	103	70600051				怪物材料	14			9999												1				
112009	2	1	103	70600052				怪物材料	14			9999												2				
112010	2	1	103	70600053				怪物材料	14			9999												3				
112011	2	1	104	70600051				怪物材料	14			9999												1				
112012	2	1	104	70600052				怪物材料	14			9999												2				
112013	2	1	104	70600053				怪物材料	14			9999												3				
112014	2	1	105	70600052				怪物材料	14			9999												2				
112015	2	1	105	70600053				怪物材料	14			9999												3				
112016	2	1	105	70600054				怪物材料	14			9999												4				
112017	2	1	106	70600052				怪物材料	14			9999												2				
112018	2	1	106	70600053				怪物材料	14			9999												3				
112019	2	1	106	70600054				怪物材料	14			9999												4				
112020	2	1	107	70600052				怪物材料	14			9999												2				
112021	2	1	107	70600053				怪物材料	14			9999												3				
112022	2	1	107	70600054				怪物材料	14			9999												4				
112023	2	1	108	70600052				怪物材料	14			9999												2				
112024	2	1	108	70600053				怪物材料	14			9999												3				
112025	2	1	108	70600054				怪物材料	14			9999												4				
112026	2	1	109	70600052				怪物材料	14			9999												2				
112027	2	1	109	70600053				怪物材料	14			9999												3				
112028	2	1	109	70600054				怪物材料	14			9999												4				
112029	2	1	110	70600052				怪物材料	14			9999												2				
112030	2	1	110	70600053				怪物材料	14			9999												3				
112031	2	1	110	70600054				怪物材料	14			9999												4				
112032	2	1	111	70600051				怪物材料	14			9999												1				
112033	2	1	111	70600052				怪物材料	14			9999												2				
112034	2	1	111	70600053				怪物材料	14			9999												3				
112035	2	1	112	70600051				怪物材料	14			9999												1				
112036	2	1	112	70600052				怪物材料	14			9999												2				
112037	2	1	112	70600053				怪物材料	14			9999												3				
113001	2	1	113	70600054				怪物材料	14			2000												4				
113002	2	1	113	70600054				怪物材料	14			2000												4				
113003	2	1	113	70600055				怪物材料	14			2000												5				
113004	2	1	113	70600055				怪物材料	14			2000												5				
113005	2	1	113	70600055				怪物材料	14			2000												5				
113006	2	1	113	70600055				怪物材料	14			2000												5				
113007	2	1	113	70600055				怪物材料	14			2000												5				
113008	2	1	113	70600055				怪物材料	14			2000												5				
113009	2	1	113	70600054				怪物材料	14			2000												4				
114001	2	1	128	70600052				武器突破材料	14			2000												2				
114002	2	1	128	70600053				武器突破材料	14			2000												3				
114003	2	1	128	70600054				武器突破材料	14			2000												4				
114004	2	1	129	70600055				武器突破材料	14			2000												5				
114005	2	1	129	70600052				武器突破材料	14			2000												2				
114006	2	1	129	70600053				武器突破材料	14			2000												3				
114007	2	1	130	70600054				武器突破材料	14			2000												4				
114008	2	1	130	70600055				武器突破材料	14			2000												5				
114009	2	1	130	70600052				武器突破材料	14			2000												2				
114010	2	1	131	70600053				武器突破材料	14			2000												3				
114011	2	1	131	70600054				武器突破材料	14			2000												4				
114012	2	1	131	70600055				武器突破材料	14			2000												5				
114013	2	1	132	70600052				武器突破材料	14			2000												2				
114014	2	1	132	70600053				武器突破材料	14			2000												3				
114015	2	1	132	70600054				武器突破材料	14			2000												4				
114016	2	1	133	70600055				武器突破材料	14			2000												5				
114017	2	1	133	70600052				武器突破材料	14			2000												2				
114018	2	1	133	70600053				武器突破材料	14			2000												3				
114019	2	1	134	70600054				武器突破材料	14			2000												4				
114020	2	1	134	70600055				武器突破材料	14			2000												5				
114021	2	1	134	70600052				武器突破材料	14			2000												2				
114022	2	1	135	70600053				武器突破材料	14			2000												3				
114023	2	1	135	70600054				武器突破材料	14			2000												4				
114024	2	1	135	70600055				武器突破材料	14			2000												5				
200001	2	1	6	70600053				海灯节材料	4			9999												3				
200002	2	1	6	70600053				海灯节材料	4			9999												3				
200003	2	1	6	70600053				海灯节材料	4			9999												3				
200004	2			70800017				海灯节材料	16			9999	1				24	70800017						4				
