ID
101
102
103
104
105
106
107
201
202
210
211
221
222
223
224
301
302
303
304
305
306
307
911
912
913
914
915
916
917
1002
1003
1005
1006
1007
1014
1015
1016
1020
1021
1022
1023
1024
1025
1026
1027
1029
1030
1031
1032
1033
1034
1102
1103
1105
1106
1107
1114
1115
1116
1120
1121
1122
1123
1124
1125
1126
1127
1129
1130
1131
1132
1133
1134
2001
2002
2003
2004
2005
2006
2007
2008
2017
2018
2019
2020
2021
2022
2023
2024
2025
2026
2027
3001
3002
3003
3004
3005
3006
3007
3008
3018
3019
3009
3010
3011
3012
3013
3014
3015
3016
3017
3020
3021
3022
100001
100002
100011
100012
100013
100014
100015
100016
100017
100018
100019
100020
100021
100022
100023
100024
100025
100026
100027
100028
100029
100030
100031
100032
100033
100034
100051
100052
100053
100054
100055
100056
100057
100058
100061
100062
100063
100064
100072
100073
100074
100075
100076
100077
100078
100079
100080
100081
100082
100083
100084
100085
100086
100087
100088
100089
100090
101001
101002
101003
101101
101102
101103
101104
101105
101106
101107
101108
101109
101110
100003
100004
100006
100007
100008
100009
100010
100101
100102
100103
100104
100105
100106
100107
100108
100109
100110
100111
100112
100113
100114
100115
100120
100121
100122
100123
100124
100125
100126
100131
100132
100133
100134
100135
100136
100137
100138
100139
100140
100141
100142
100143
100144
100145
100146
100147
100148
100149
100151
100152
100153
100154
100158
100159
100160
100161
100162
100163
100164
100165
100171
100172
100173
100174
100175
100176
100177
100178
100179
100180
100181
100182
100183
100184
100185
100186
100187
100188
100189
100190
100191
100192
100193
100194
100195
100196
100197
100198
100199
100200
100201
100202
100203
100204
100205
100206
100207
100208
100210
100211
100212
100213
100214
100215
100216
100217
100218
100219
100220
100221
100222
100223
100224
100225
100226
100227
100228
100229
100230
100239
100240
100241
100231
100232
100233
100234
100235
100237
100238
100242
100236
100301
100302
100303
100304
100305
100306
100307
100308
100309
100310
100311
100312
100313
100314
100315
100316
100317
100318
100319
100320
100321
100322
100323
100324
100325
100326
100327
100328
100329
100330
100331
100332
100333
100334
100335
100336
100337
100338
100339
100340
100341
100342
100343
100344
100345
100346
100347
100348
100349
100350
100351
100352
100353
100354
100355
100356
100357
100358
100359
100360
100361
100362
100363
100364
100365
100366
100367
100368
100369
100370
100371
100372
100373
100374
100375
100376
100377
100378
100379
100380
100381
100382
100383
100384
100385
100386
100387
100388
100389
100390
100391
100392
100393
100394
100395
100396
100397
100398
100399
100400
100401
100402
100403
100404
100405
100406
100407
100408
100409
100410
100411
100412
100413
100414
100415
100416
100417
100418
100419
100420
100421
100422
100423
100424
100425
100426
100427
100428
100429
100430
100431
100432
100433
100434
100435
100436
100437
100438
100439
100440
100441
100442
100443
100444
100445
102001
102002
102003
102004
102005
102006
102007
102008
103001
103002
103003
103004
103005
103006
103007
103008
104001
104002
104003
104011
104012
104013
104101
104102
104103
104104
104111
104112
104113
104114
104121
104122
104123
104124
104131
104132
104133
104134
104141
104142
104143
104144
104151
104152
104153
104154
104161
104162
104163
104164
104171
104172
104173
104174
104301
104302
104303
104304
104305
104306
104307
104308
104309
104310
104311
104312
104313
104314
104315
104316
104317
104318
105001
105002
105003
105004
106000
106001
107001
107002
107003
107004
107005
107006
107007
107008
107009
108000
108001
108002
108003
108004
108005
108006
108007
108008
108009
108010
108011
108012
108013
108014
108015
108016
108017
108018
108019
108020
108021
108022
108023
108024
108025
108026
108027
108028
108029
108030
108031
108032
108033
108034
108035
108036
108037
108038
108039
108040
108041
108042
108043
108044
108045
108046
108047
108048
108049
108050
108051
108052
108053
108054
108055
108056
108057
108058
108059
108060
108061
108062
108063
108064
108065
108066
108067
108068
108069
108070
108071
108072
108073
108074
108075
108076
108077
108078
108079
108080
108081
108082
108083
108084
108085
108086
108087
108088
108089
108090
108091
108092
108093
108094
108095
108096
108097
108098
108099
108100
109000
109101
109102
109103
109104
109106
109107
109201
109202
109203
109204
109205
109206
109207
109301
109302
109303
109304
109401
109402
109403
109404
109405
109406
109407
109408
109409
109410
109411
109412
109413
109414
110000
110001
110002
110003
110004
110005
110006
110008
110009
110010
110011
110012
110013
111006
111007
111008
111009
111010
111011
111012
111013
111014
111015
111016
111017
111018
111019
111020
111021
111022
112001
112002
112003
112004
112005
112006
112007
112008
112009
112010
112011
112012
112013
112014
112015
112016
112017
112018
112019
112020
112021
112022
112023
112024
112025
112026
112027
112028
112029
112030
112031
112032
112033
112034
112035
112036
112037
113001
113002
113003
113004
113005
113006
113007
113008
113009
114001
114002
114003
114004
114005
114006
114007
114008
114009
114010
114011
114012
114013
114014
114015
114016
114017
114018
114019
114020
114021
114022
114023
114024
200001
200002
200003
200004
