ID	默认阵营	基础生命值	基础攻击力	基础防御力	暴击率	暴击抗性	暴击伤害	火元素抗性	草元素抗性	水元素抗性	电元素抗性	风元素抗性	冰元素抗性	岩元素抗性	火元素伤害加成	草元素伤害加成	水元素伤害加成	电元素伤害加成	风元素伤害加成	冰元素伤害加成	岩元素伤害加成	[属性成长]1类型	[属性成长]1曲线	[属性成长]2类型	[属性成长]2曲线	[属性成长]3类型	[属性成长]3曲线	元素精通	物理抗性	物理伤害加成	类型	服务器脚本	战斗Config	精英词缀	AI	装备1	装备2	会游泳	击杀经验	击杀经验成长曲线	[掉落]1ID	[掉落]1血量百分比	[掉落]2ID	[掉落]2血量百分比	[掉落]3ID	[掉落]3血量百分比	击杀掉落ID	全地图奖励	视距等级	不在指定天气下出生	特性组ID	联机动态属性ID	外观	$#VersionBegin	$#VersionEnd
21010101	4001	13.584	22.608	45	0	0	0	0	0	0	0	0	0	0	0	0	0	0	0	0	0	1	1	4	2	7	12	0	0	0	1		ConfigMonster_Hili_None_01		sentry02				0	11	22010010	60	0	0	0	0	22010010				21010101	1			
21010152	4001	13.584	22.608	45	0	0	0	0	0	0	0	0	0	0	0	0	0	0	0	0	0	1	1	4	2	7	12	0	0.2	0	1		ConfigMonster_Hili_None_01_NoneResist		sentry02				0	11	22010010	60	0	0	0	0	22010010				21010152	3			
21010153	4001	13.584	22.608	45	0	0	0	0.2	0.2	0.2	0.2	0.2	0.2	0.2	0	0	0	0	0	0	0	1	1	4	2	7	12	0	0	0	1		ConfigMonster_Hili_None_01_ElementResist		sentry02				0	11	22010010	60	0	0	0	0	22010010				21010152	3			
21020101	4001	48.904	30.144	32.5	0	0	0	0	0	0	0	0	0	0	0	0	0	0	0	0	0	1	1	4	2	7	12	0	0	0	1		ConfigMonster_Brute_None_Shield		scout01		50004012		0	11	22010010	75	22010010	50	22010010	25	22010030				21020101	1			
21020201	4001	48.904	30.144	32.5	0	0	0	0	0	0	0	0	0	0	0	0	0	0	0	0	0	1	1	4	2	7	12	0	0	0	1		ConfigMonster_Brute_None_Axe	2001	scout01	50004013			0	11	22010010	75	22010010	50	22010010	25	22010030				21020201	1			
21020301	4001	48.904	30.144	32.5	0	0	0	0	0	0	0	0	0	0	0	0	0	0	0	0	0	1	1	4	2	7	12	0	0	0	1		ConfigMonster_Brute_None_Shield		scout01		50004022		0	11	22010010	75	22010010	50	22010010	25	22010030				21020101	1			
20010101	4001	10.868	7.536	45	0	0	0	0	0	0	0	0	0	0	0	0	0	0	0	0	0	1	1	4	2	7	12	0	0	0	1		ConfigMonster_Slime_Grass_02		assist01				0	11	22010013	60	0	0	0	0	22010013				20010101	1			
20010201	4001	33.961	17.584	30	0	0	0	0	0	0	0	0	0	0	0	0	0	0	0	0	0	1	1	4	2	7	12	0	0	0	1		ConfigMonster_Slime_Grass_03		assist01				0	11	22010013	66	22010013	33	0	0	22010033				20010201	1			
20010302	4001	10.868	7.536	45	0	0	0	0	0	0	0	0	0	0	0	0	0	0	0	0	0	1	1	4	2	7	12	0	0	0	1		ConfigMonster_Slime_Wind_01		assist01				0	11	22010015	60	0	0	0	0	22010015				20010302	1			
20010301	4001	10.868	7.536	45	0	0	0	0	0	0	0	0	0	0	0	0	0	0	0	0	0	1	1	4	2	7	12	0	0	0	1		ConfigMonster_Slime_Wind_02		assist01				0	11	22010015	60	0	0	0	0	22010015				20010301	1			
20010401	4001	33.961	17.584	30	0	0	0	0	0	0	0	0	0	0	0	0	0	0	0	0	0	1	1	4	2	7	12	0	0	0	1		ConfigMonster_Slime_Wind_03		assist01				0	11	22010015	66	22010015	33	0	0	22010035				20010401	1			
20010402	4001	33.961	17.584	30	0	0	0	0	0	0	0	0	0	0	0	0	0	0	0	0	0	1	1	4	2	7	12	0	0	0	1		ConfigMonster_Slime_Wind_03_Swirl		assist01				0	11	22010015	66	22010015	33	0	0	22010035				20010401	1			
29010101	4001	150	100	0	0	0	0	0	0	0	0	0	0	0	0	0	0	0	0	0	0							0	0	0	2		ConfigMonster_Dvalin_S01		dragon01				0	11	0	0	0	0	0	0	0	1	3		29010101	1			
29010102	4001	67.922	56.52	45	0	0	0	0	0	0	0	0	0	0	0	0	0	0	0	0	0	1	1	4	2	7	12	0	0	0	2		ConfigMonster_Dvalin_S04	9006	dragon01				0	11	0	0	0	0	0	0	0	1	3		29010102	1			
29010103	4001	128	100	0	0	0	0	0	0	0	0	0	0	0	0	0	0	0	0	0	0							0	0	0	2		ConfigMonster_Dvalin_S00		dragon01				0	11	0	0	0	0	0	0	0	1	3		29010103	1			
29010104	4001	122.26	75.361	45	0	0	0	0	0	0	0	0	0	0	0	0	0	0	0	0	0	1	1	4	2	7	12	0	0	0	2		ConfigMonster_Dvalin_S04		dragon01				0	11	0	0	0	0	0	0	0	1	3		29010102	1			
29020101	4001	244.521	75.361	45	0	0	0	0	0	0	0	0.3	0.5	0	0	0	0	0	0	0	0	1	1	4	2	7	12	0	0	0	2		ConfigMonster_Wolf_LupiBoreas	9001	dragon01				0	11	0	0	0	0	0	0	0	1	1		29020101	1			
29020102	4001	244.521	75.361	45	0	0	0	0	0	0	0	0.3	0.5	0	0	0	0	0	0	0	0	1	1	4	2	7	12	0	0	0	2		ConfigMonster_Wolf_LupiBoreas		dragon01				0	11	0	0	0	0	0	0	0	1	1		29020102	1			
20020101	4001	54.338	62.8	63.75	0	0	0	0	0	0	0	0	0	0	0	0	0	0	0	0	0	1	1	4	2	7	12	0	0	0	1		ConfigMonster_Elemental_Wind_01	3015	scout01				0	11	22010035	75	22010035	50	22010035	25	22010035				20020101	1			
20020201	4001	54.338	62.8	63.75	0	0	0	0	0	0	0	0	0	0	0	0	0	0	0	0	0	1	1	4	2	7	12	0	0	0	1		ConfigMonster_Elemental_Electric_01		scout01				0	11	22010034	75	22010034	50	22010034	25	22010034				20020201	1			
20040101	4001	81.507	62.8	45	0	0	0	0	0	0	0	0	0	0	0	0	0	0	0	0	0	1	1	4	2	7	12	0	0	0	2		ConfigMonster_Effigy_Electric_01	3012,2002	scout01				0	11	22010034	75	22010034	50	22010034	25	22010034				20040101	1			
20040201	4001	81.507	62.8	45	0	0	0	0	0	0	0	0	0	0	0	0	0	0	0	0	0	1	1	4	2	7	12	0	0	0	2		ConfigMonster_Effigy_Wind_01	3015	scout01				0	11	22010035	75	22010035	50	22010035	25	22010035				20020101	1			
20040301	4001	81.507	62.8	45	0	0	0	0	0	0	0	0	0	0	0	0	0	0	0	0	0	1	1	4	2	7	12	0	0	0	2		ConfigMonster_Effigy_Rock_01	3021	scout01				0	11	22010037	75	22010037	50	22010037	25	22010037				20040101	1			
20010501	4001	10.868	7.536	45	0	0	0	0	0	0	0	0	0	0	0	0	0	0	0	0	0	1	1	4	2	7	12	0	0	0	1		ConfigMonster_Slime_Electric_02	2002	assist01				0	11	22010014	60	0	0	0	0	22010014				20010501	1			
20010601	4001	33.961	17.584	30	0	0	0	0	0	0	0	0	0	0	0	0	0	0	0	0	0	1	1	4	2	7	12	0	0	0	1		ConfigMonster_Slime_Electric_03	2002	assist01				0	11	22010014	66	22010014	33	0	0	22010034				20010601	1			
20010602	4001	33.961	17.584	30	0	0	0	0	0	0	0	0	0	0	0	0	0	0	0	0	0	1	1	4	2	7	12	0	0	0	1		ConfigMonster_Slime_Electric_03_Immune1	2002	assist01				0	11	22010014	66	22010014	33	0	0	22010034				20010601	1			
20010603	4001	33.961	17.584	30	0	0	0	0	0	0	0	0	0	0	0	0	0	0	0	0	0	1	1	4	2	7	12	0	0	0	1		ConfigMonster_Slime_Electric_03_Immune2	2002	assist01				0	11	22010014	66	22010014	33	0	0	22010034				20010601	1			
20010701	4001	33.961	17.584	30	0	0	0	0	0	0	0	0	0	0	0	0	0	0	0	0	0	1	1	4	2	7	12	0	0	0	1		ConfigMonster_Slime_Electric_03_Positive	2002	assist01				0	11	22010014	66	22010014	33	0	0	22010034				20010701	1			
20010801	4001	10.868	7.536	45	0	0	0	0	0	0	0	0	0	0	0	0	0	0	0	0	0	1	1	4	2	7	12	0	0	0	1		ConfigMonster_Slime_Ice_02	2003	assist01				0	11	22010016	60	0	0	0	0	22010016				20010801	1			
20010901	4001	33.961	17.584	30	0	0	0	0	0	0	0	0	0	0	0	0	0	0	0	0	0	1	1	4	2	7	12	0	0	0	1		ConfigMonster_Slime_Ice_03	2003	assist01				0	11	22010016	66	22010016	33	0	0	22010036				20010901	1			
20010902	4001	33.961	17.584	30	0	0	0	0	0	0	0	0	0	0	0	0	0	0	0	0	0	1	1	4	2	7	12	0	0	0	1		ConfigMonster_Slime_Ice_03_Immune1	2003,1029	assist01				0	11	22010016	66	22010016	33	0	0	22010036				20010901	1			
20010903	4001	33.961	17.584	30	0	0	0	0	0	0	0	0	0	0	0	0	0	0	0	0	0	1	1	4	2	7	12	0	0	0	1		ConfigMonster_Slime_Ice_03_Immune2	2003	assist01				0	11	22010016	66	22010016	33	0	0	22010036				20010901	1			
20011001	4001	10.868	7.536	45	0	0	0	0	0	0	0	0	0	0	0	0	0	0	0	0	0	1	1	4	2	7	12	0	0	0	1		ConfigMonster_Slime_Water_02		assist01				0	11	22010012	60	0	0	0	0	22010012				20011001	1			
20011101	4001	33.961	17.584	30	0	0	0	0	0	0	0	0	0	0	0	0	0	0	0	0	0	1	1	4	2	7	12	0	0	0	1		ConfigMonster_Slime_Water_03		assist01				0	11	22010012	66	22010012	33	0	0	22010032				20011101	1			
20011102	4001	33.961	17.584	30	0	0	0	0	0	0	0	0	0	0	0	0	0	0	0	0	0	1	1	4	2	7	12	0	0	0	1		ConfigMonster_Slime_Water_03_Immune2		assist01				0	11	22010012	66	22010012	33	0	0	22010032				20011101	1			
20011002	4001	33.961	17.584	30	0	0	0	0	0	0	0	0	0	0	0	0	0	0	0	0	0	1	1	4	2	7	12	0	0	0	1		ConfigMonster_Slime_Water_11		assist01				0	11	22010012	66	22010012	33	0	0	22010032				20011002	1			
20040001	3001	10.868	7.536	45	0	0	0	0	0	0	0	0	0	0	0	0	0	0	0	0	0	1	1	4	2	7	12	0	0	0	1		ConfigMonster_Slime_Electric_02	2002	assist01				0	11	22010014	60	0	0	0	0	22010014				20040001	1			
20040002	3001	33.961	17.584	30	0	0	0	0	0	0	0	0	0	0	0	0	0	0	0	0	0	1	1	4	2	7	12	0	0	0	1		ConfigMonster_Slime_Electric_03	2002	assist01				0	11	22010014	66	22010014	33	0	0	22010034				20040002	1			
20040003	3001	10.868	7.536	45	0	0	0	0	0	0	0	0	0	0	0	0	0	0	0	0	0	1	1	4	2	7	12	0	0	0	1		ConfigMonster_Slime_Ice_02	2003	assist01				0	11	22010016	60	0	0	0	0	22010016				20040003	1			
20040004	3001	33.961	17.584	30	0	0	0	0	0	0	0	0	0	0	0	0	0	0	0	0	0	1	1	4	2	7	12	0	0	0	1		ConfigMonster_Slime_Ice_03	2003,4001	assist01				0	11	22010016	66	22010016	33	0	0	22010036				20040004	1			
20040005	3001	10.868	7.536	45	0	0	0	0	0	0	0	0	0	0	0	0	0	0	0	0	0	1	1	4	2	7	12	0	0	0	1		ConfigMonster_Slime_Fire_02		assist01				0	11	22010011	60	0	0	0	0	22010011				20040005	1			
20040006	3001	33.961	17.584	30	0	0	0	0	0	0	0	0	0	0	0	0	0	0	0	0	0	1	1	4	2	7	12	0	0	0	1		ConfigMonster_Slime_Fire_03		assist01				0	11	22010011	66	22010011	33	0	0	22010031				20040006	1			
20040007	3001	10.868	7.536	45	0	0	0	0	0	0	0	0	0	0	0	0	0	0	0	0	0	1	1	4	2	7	12	0	0	0	1		ConfigMonster_Slime_Rock_02		assist01				0	11	22010017	60	0	0	0	0	22010017				20040007	1			
20040008	3001	33.961	17.584	30	0	0	0	0	0	0	0	0	0	0	0	0	0	0	0	0	0	1	1	4	2	7	12	0	0	0	1		ConfigMonster_Slime_Rock_03		assist01				0	11	22010017	66	22010017	33	0	0	22010037				20040008	1			
20030101	4001	6.792	10.048	45	0	0	0	0	0	0	0	0	0	0	0	0	0	0	0	0	0	1	1	4	2	7	12	0	0	0	1		ConfigMonster_Cicin_Thunder_01		assist01				0	11	22010014	60	0	0	0	0	22010014				20030101	1			
20030102	4001	6.792	10.048	45	0	0	0	0	0	0	0	0	0	0	0	0	0	0	0	0	0	1	1	4	2	7	12	0	0	0	1		ConfigMonster_Cicin_Thunder_01	5001	assist01				0	11	22010014	60	0	0	0	0	22010014				20030101	1			
20030201	4001	6.792	10.048	45	0	0	0	0	0	0	0	0	0	0	0	0	0	0	0	0	0	1	1	4	2	7	12	0	0	0	1		ConfigMonster_Cicin_Water_01		assist01				0	11	22010012	60	0	0	0	0	22010012				20030101	1			
21010201	4001	13.584	22.608	45	0	0	0	0	0	0	0	0	0	0	0	0	0	0	0	0	0	1	1	4	2	7	12	0	0	0	1		ConfigMonster_Hili_None_01		sentry02	50004001			0	11	22010010	60	0	0	0	0	22010010				21010201	1			
21010202	4001	13.584	22.608	45	0	0	0	0	0	0	0	0	0	0	0	0	0	0	0	0	0	1	1	4	2	7	12	0	0	0	1		ConfigMonster_Hili_None_01_PD		sentry02	50004001			0	11	22010010	60	0	0	0	0	22010010				21010201	1			
21010301	4001	13.584	22.608	45	0	0	0	0	0	0	0	0	0	0	0	0	0	0	0	0	0	1	1	4	2	7	12	0	0	0	1		ConfigMonster_Hili_None_01		sentry02	50004001	50004002		0	11	22010010	60	0	0	0	0	22010010				21010301	1			
21010401	4001	10.868	11.304	45	0	0	0	0	0	0	0	0	0	0	0	0	0	0	0	0	0	1	1	4	2	7	12	0	0	0	1		ConfigMonster_Hili_None_01		ranged01	50004004			0	11	22010010	60	0	0	0	0	22010010				21010401	1			
21010402	4001	10.868	11.304	45	0	0	0	0	0	0	0	0	0	0	0	0	0	0	0	0	0	1	1	4	2	7	12	0	0	0	1		ConfigMonster_Hili_None_01	5001	ranged01	50004004			0	11	22010010	60	0	0	0	0	22010010				21010401	1			
21010501	4001	10.868	11.304	45	0	0	0	0	0	0	0	0	0	0	0	0	0	0	0	0	0	1	1	4	2	7	12	0	0	0	1		ConfigMonster_Hili_Fire_01	2001	ranged01	50004017			0	11	22010010	60	0	0	0	0	22010010				21010501	1			
21010502	4001	10.868	11.304	45	0	0	0	0	0	0	0	0	0	0	0	0	0	0	0	0	0	1	1	4	2	7	12	0	0	0	1		ConfigMonster_Hili_Fire_01	2001,5001	ranged01	50004017			0	11	22010010	60	0	0	0	0	22010010				21010501	1			
21010601	4001	13.584	22.608	45	0	0	0	0	0	0	0	0	0	0	0	0	0	0	0	0	0	1	1	4	2	7	12	0	0	0	1		ConfigMonster_Hili_Fire_01	2001	scout01				0	11	22010010	60	0	0	0	0	22010010				21010601	1			
21010602	4001	13.584	22.608	45	0	0	0	0	0	0	0	0	0	0	0	0	0	0	0	0	0	1	1	4	2	7	12	0	0	0	1		ConfigMonster_Hili_Fire_01_Test	5001	scout01				0	11	22010010	60	0	0	0	0	22010010				21010602	1			
21010701	4001	13.584	22.608	45	0	0	0	0	0	0	0	0	0	0	0	0	0	0	0	0	0	1	1	4	2	7	12	0	0	0	1		ConfigMonster_Hili_Fire_Rush	2001	scout01	50004020			0	11	22010010	60	0	0	0	0	22010010				21010701	1			
21010901	4001	10.868	11.304	45	0	0	0	0	0	0	0	0	0	0	0	0	0	0	0	0	0	1	1	4	2	7	12	0	0	0	1		ConfigMonster_Hili_Ice_01		ranged01	50004018			0	11	22010010	60	0	0	0	0	22010010				21010901	1			
21010902	4001	10.868	11.304	45	0	0	0	0	0	0	0	0	0	0	0	0	0	0	0	0	0	1	1	4	2	7	12	0	0	0	1		ConfigMonster_Hili_Ice_01	5001	ranged01	50004018			0	11	22010010	60	0	0	0	0	22010010				21010901	1			
21011001	4001	10.868	11.304	45	0	0	0	0	0	0	0	0	0	0	0	0	0	0	0	0	0	1	1	4	2	7	12	0	0	0	1		ConfigMonster_Hili_Electric_01		ranged01	50004019			0	11	22010010	60	0	0	0	0	22010010				21011001	1			
21011002	4001	10.868	11.304	45	0	0	0	0	0	0	0	0	0	0	0	0	0	0	0	0	0	1	1	4	2	7	12	0	0	0	1		ConfigMonster_Hili_Electric_01	5001	ranged01	50004019			0	11	22010010	60	0	0	0	0	22010010				21011001	1			
21011101	4001	13.584	22.608	45	0	0	0	0	0	0	0	0	0	0	0	0	0	0	0	0	0	1	1	4	2	7	12	0	0	0	1		ConfigMonster_Hili_Grass_01		assist01	50004016			0	11	22010010	60	0	0	0	0	22010010				21011101	1			
21011201	4001	13.584	22.608	45	0	0	0	0	0	0	0	0	0	0	0	0	0	0	0	0	0	1	1	4	2	7	12	0	0	0	1		ConfigMonster_Hili_None_01		sentry02	50004024	50004023		0	11	22010010	60	0	0	0	0	22010010				21010301	1			
20011202	4001	6.099	0	45	0	0	0	0	0	0	0	0	0	0	0	0	0	0	0	0	0	1	1	4	2	7	12	0	0	0	1		ConfigMonster_Slime_Fire_Tutorial		assist01				0	11	0	0	0	0	0	0	0				20011202	1			
20011201	4001	10.868	7.536	45	0	0	0	0	0	0	0	0	0	0	0	0	0	0	0	0	0	1	1	4	2	7	12	0	0	0	1		ConfigMonster_Slime_Fire_02		assist01				0	11	22010011	60	0	0	0	0	22010011				20011201	1			
20011301	4001	33.961	17.584	30	0	0	0	0	0	0	0	0	0	0	0	0	0	0	0	0	0	1	1	4	2	7	12	0	0	0	1		ConfigMonster_Slime_Fire_03		assist01				0	11	22010011	66	22010011	33	0	0	22010031				20011301	1			
20011302	4001	33.961	17.584	30	0	0	0	0	0	0	0	0	0	0	0	0	0	0	0	0	0	1	1	4	2	7	12	0	0	0	1		ConfigMonster_Slime_Fire_03_Immune1	1028	assist01				0	11	22010011	66	22010011	33	0	0	22010031				20011301	1			
20011303	4001	33.961	17.584	30	0	0	0	0	0	0	0	0	0	0	0	0	0	0	0	0	0	1	1	4	2	7	12	0	0	0	1		ConfigMonster_Slime_Fire_03_Immune2		assist01				0	11	22010011	66	22010011	33	0	0	22010031				20011301	1			
20011401	4001	10.868	7.536	45	0	0	0	0	0	0	0	0	0	0	0	0	0	0	0	0	0	1	1	4	2	7	12	0	0	0	1		ConfigMonster_Slime_Rock_02		assist01				0	11	22010017	60	0	0	0	0	22010017				20011401	1			
20011501	4001	33.961	17.584	30	0	0	0	0	0	0	0	0	0	0	0	0	0	0	0	0	0	1	1	4	2	7	12	0	0	0	1		ConfigMonster_Slime_Rock_03		assist01				0	11	22010017	66	22010017	33	0	0	22010037				20011501	1			
22010101	4001	16.981	37.68	90	0	0	0	0	0	0	0	0	0	0	0	0	0	0	0	0	0	1	1	4	2	7	12	0	0	0	1		ConfigMonster_Abyss_Fire_01	2001	scout01	50004006			0	11	22010011	75	22010011	50	22010011	25	22010031				22010101	1			
22010102	4001	16.981	37.68	90	0	0	0	0	0	0	0	0	0	0	0	0	0	0	0	0	0	1	1	4	2	7	12	0	0	0	1		ConfigMonster_Abyss_Fire_01	2001,1014,5002	scout01	50004006			0	11	22010011	75	22010011	50	22010011	25	22010031				22010101	1			
22010103	4001	16.981	37.68	90	0	0	0	0	0	0	0	0	0	0	0	0	0	0	0	0	0	1	1	4	2	7	12	0	0	0	1		ConfigMonster_Abyss_Fire_01	2001,5003,5005	scout01	50004006			0	11	22010011	75	22010011	50	22010011	25	22010031				22010101	1			
22010104	4001	16.981	37.68	90	0	0	0	0	0	0	0	0	0	0	0	0	0	0	0	0	0	1	1	4	2	7	12	0	0	0	1		ConfigMonster_Abyss_Fire_01	2001,5001	scout01	50004006			0	11	22010011	75	22010011	50	22010011	25	22010031				22010101	1			
22010201	4001	16.981	37.68	90	0	0	0	0	0	0	0	0	0	0	0	0	0	0	0	0	0	1	1	4	2	7	12	0	0	0	1		ConfigMonster_Abyss_Ice_01	2003	scout01	50004007			0	11	22010016	75	22010016	50	22010016	25	22010036				22010201	1			
22010202	4001	16.981	37.68	90	0	0	0	0	0	0	0	0	0	0	0	0	0	0	0	0	0	1	1	4	2	7	12	0	0	0	1		ConfigMonster_Abyss_Ice_01	2003,1014,5002	scout01	50004007			0	11	22010016	75	22010016	50	22010016	25	22010036				22010201	1			
22010203	4001	16.981	37.68	90	0	0	0	0	0	0	0	0	0	0	0	0	0	0	0	0	0	1	1	4	2	7	12	0	0	0	1		ConfigMonster_Abyss_Ice_01	2003,5003,5005	scout01	50004007			0	11	22010016	75	22010016	50	22010016	25	22010036				22010201	1			
22010204	4001	16.981	37.68	90	0	0	0	0	0	0	0	0	0	0	0	0	0	0	0	0	0	1	1	4	2	7	12	0	0	0	1		ConfigMonster_Abyss_Ice_01	2003,5001	scout01	50004007			0	11	22010016	75	22010016	50	22010016	25	22010036				22010201	1			
22010301	4001	16.981	37.68	90	0	0	0	0	0	0	0	0	0	0	0	0	0	0	0	0	0	1	1	4	2	7	12	0	0	0	1		ConfigMonster_Abyss_Water_01		scout01	50004008			0	11	22010012	75	22010012	50	22010012	25	22010032				22010301	1			
22010302	4001	16.981	37.68	90	0	0	0	0	0	0	0	0	0	0	0	0	0	0	0	0	0	1	1	4	2	7	12	0	0	0	1		ConfigMonster_Abyss_Water_01	1014,5002	scout01	50004008			0	11	22010012	75	22010012	50	22010012	25	22010032				22010301	1			
22010303	4001	16.981	37.68	90	0	0	0	0	0	0	0	0	0	0	0	0	0	0	0	0	0	1	1	4	2	7	12	0	0	0	1		ConfigMonster_Abyss_Water_01	5003,5005	scout01	50004008			0	11	22010012	75	22010012	50	22010012	25	22010032				22010301	1			
22010304	4001	16.981	37.68	90	0	0	0	0	0	0	0	0	0	0	0	0	0	0	0	0	0	1	1	4	2	7	12	0	0	0	1		ConfigMonster_Abyss_Water_01	5001	scout01	50004008			0	11	22010012	75	22010012	50	22010012	25	22010032				22010301	1			
21030101	4001	8.49	25.12	90	0	0	0	0	0	0	0	0	0	0	0	0	0	0	0	0	0	1	1	4	2	7	12	0	0	0	1		ConfigMonster_Shaman_Water_01		scout01	50004009			0	11	22010012	60	0	0	0	0	22010012				21030101	1			
21030102	4001	8.49	25.12	90	0	0	0	0	0	0	0	0	0	0	0	0	0	0	0	0	0	1	1	4	2	7	12	0	0	0	1		ConfigMonster_Shaman_Water_02		scout01	50004009			0	11	22010012	60	0	0	0	0	22010012				21030101	1			
21030103	4001	8.49	25.12	90	0	0	0	0	0	0	0	0	0	0	0	0	0	0	0	0	0	1	1	4	2	7	12	0	0	0	1		ConfigMonster_Shaman_Water_01	5004	scout01	50004009			0	11	22010012	60	0	0	0	0	22010012				21030101	1			
21030201	4001	8.49	25.12	90	0	0	0	0	0	0	0	0	0	0	0	0	0	0	0	0	0	1	1	4	2	7	12	0	0	0	1		ConfigMonster_Shaman_Grass_01		scout01	50004010			0	11	22010013	60	0	0	0	0	22010013				21030201	1			
21030202	4001	8.49	25.12	90	0	0	0	0	0	0	0	0	0	0	0	0	0	0	0	0	0	1	1	4	2	7	12	0	0	0	1		ConfigMonster_Shaman_Grass_02		scout01	50004010			0	11	22010013	60	0	0	0	0	22010013				21030201	1			
21030301	4001	8.49	25.12	90	0	0	0	0	0	0	0	0	0	0	0	0	0	0	0	0	0	1	1	4	2	7	12	0	0	0	1		ConfigMonster_Shaman_Wind_01		scout01	50004014			0	11	22010015	60	0	0	0	0	22010015				21030301	1			
21030302	4001	8.49	25.12	90	0	0	0	0	0	0	0	0	0	0	0	0	0	0	0	0	0	1	1	4	2	7	12	0	0	0	1		ConfigMonster_Shaman_Wind_02		scout01	50004014			0	11	22010015	60	0	0	0	0	22010015				21030301	1			
21030303	4001	8.49	25.12	90	0	0	0	0	0	0	0	0	0	0	0	0	0	0	0	0	0	1	1	4	2	7	12	0	0	0	1		ConfigMonster_Shaman_Wind_01	5004	scout01	50004014			0	11	22010015	60	0	0	0	0	22010015				21030301	1			
21030401	4001	8.49	25.12	90	0	0	0	0	0	0	0	0	0	0	0	0	0	0	0	0	0	1	1	4	2	7	12	0	0	0	1		ConfigMonster_Shaman_Rock_01		scout01	50004029			0	11	22010017	60	0	0	0	0	22010017				21030401	1			
24010101	4001	108.676	75.361	45	0	0	0	0	0	0	0	0	0	0	0	0	0	0	0	0	0	1	1	4	2	7	12	0	0	0	1		ConfigMonster_Defender_None_01		scout01				0	11	22010050	75	22010050	50	22010050	25	22010050		1		24010101	1			
24010102	4001	108.676	75.361	45	0	0	0	0	0	0	0	0	0	0	0	0	0	0	0	0	0	1	1	4	2	7	12	0	0	0	1		ConfigMonster_Defender_None_01_Reject1		scout01				0	11	22010050	75	22010050	50	22010050	25	22010050		1		24010101	1			
24010103	4001	108.676	75.361	45	0	0	0	0	0	0	0	0	0	0	0	0	0	0	0	0	0	1	1	4	2	7	12	0	0	0	1		ConfigMonster_Defender_None_01_Reject2		scout01				0	11	22010050	75	22010050	50	22010050	25	22010050		1		24010101	1			
24010104	4001	108.676	75.361	45	0	0	0	0	0	0	0	0	0	0	0	0	0	0	0	0	0	1	1	4	2	7	12	0	0	0	1		ConfigMonster_Defender_None_01_PD		scout01				0	11	22010050	75	22010050	50	22010050	25	22010050		1		24010101	1			
24010201	4001	81.507	87.921	45	0	0	0	0	0	0	0	0	0	0	0	0	0	0	0	0	0	1	1	4	2	7	12	0	0	0	1		ConfigMonster_Formathr_None		scout01				0	11	22010050	75	22010050	50	22010050	25	22010050		1		24010101	1			
21010801	4001	13.584	22.608	45	0	0	0	0	0	0	0	0	0	0	0	0	0	0	0	0	0	1	1	4	2	7	12	0	0	0	1		ConfigMonster_Hili_Grass_01		assist01	50004004			0	11	22010010	60	0	0	0	0	22010010				21010801	1			
21010102	4001	13.584	22.608	45	0	0	0	0	0	0	0	0	0	0	0	0	0	0	0	0	0	1	1	4	2	7	12	0	0	0	1		ConfigMonster_Hili_None_Test		sentry02	50004001			0	11	22010010	60	0	0	0	0	22010010				21010102	1			
23030101	4001	67.922	50.24	45	0	0	0	0	0	0	0	0	0	0	0	0	0	0	0	0	0	1	1	4	2	7	12	0	0	0	1		ConfigMonster_Fatuus_Summoner_01		scout01				0	11	22010040	75	22010040	50	22010040	25	22010040				23030101	1			
23020101	4001	54.338	50.24	45	0	0	0	0	0	0	0	0	0	0	0	0	0	0	0	0	0	1	1	4	2	7	12	0	0	0	1		ConfigMonster_Fatuus_Fire_01		scout01	50004021			0	11	22010030	75	22010030	50	22010030	25	22010030				23020101	1			
25010101	4001	32.603	25.12	45	0	0	0	0	0	0	0	0	0	0	0	0	0	0	0	0	0	1	1	4	2	7	12	0	0	0	1		ConfigMonster_Thoarder_Male_NoWeapon_01		sentry02				0	11	22010010	66	22010010	33	0	0	22010030				25010101	1			
25010102	4001	32.603	25.12	45	0	0	0	0	0	0	0	0	0	0	0	0	0	0	0	0	0	1	1	4	2	7	12	0	0	0	1		ConfigMonster_Thoarder_Male_NoWeapon_01		sentry02				0	11	22010010	66	22010010	33	0	0	22010030				25010101	1			
25010201	4001	21.735	20.096	45	0	0	0	0	0	0	0	0	0	0	0	0	0	0	0	0	0	1	1	4	2	7	12	0	0	0	1		ConfigMonster_Thoarder_Male_Standard_NoWeapon_02		sentry02				0	11	22010010	66	22010010	33	0	0	22010010				25010101	1			
25010202	4001	21.735	20.096	45	0	0	0	0	0	0	0	0	0	0	0	0	0	0	0	0	0	1	1	4	2	7	12	0	0	0	1		ConfigMonster_Thoarder_Male_Standard_NoWeapon_02		sentry02				0	11	22010010	66	22010010	33	0	0	22010010				25010101	1			
25020101	4001	27.169	25.12	45	0	0	0	0	0	0	0	0	0	0	0	0	0	0	0	0	0	1	1	4	2	7	12	0	0	0	1		ConfigMonster_Thoarder_Male_Crossbow_01		sentry02	50004025			0	11	22010010	66	22010010	33	0	0	22010020				25020101	1			
25020201	4001	16.301	15.072	45	0	0	0	0	0	0	0	0	0	0	0	0	0	0	0	0	0	1	1	4	2	7	12	0	0	0	1		ConfigMonster_Thoarder_Male_Standard_Crossbow_02		sentry02	50004025			0	11	22010010	66	22010010	33	0	0	22010010				25020101	1			
25020202	4001	16.301	15.072	45	0	0	0	0	0	0	0	0	0	0	0	0	0	0	0	0	0	1	1	4	2	7	12	0	0	0	1		ConfigMonster_Thoarder_Male_Standard_Crossbow_02		sentry02	50004025			0	11	22010010	66	22010010	33	0	0	22010010				25020101	1			
25030101	4001	40.753	25.12	45	0	0	0	0	0	0	0	0	0	0	0	0	0	0	0	0	0	1	1	4	2	7	12	0	0	0	1		ConfigMonster_Thoarder_Male_Shovel_01		sentry02	50004027			0	11	22010020	66	22010020	33	0	0	22010030				25030101	1			
25030201	4001	21.735	20.096	45	0	0	0	0	0	0	0	0	0	0	0	0	0	0	0	0	0	1	1	4	2	7	12	0	0	0	1		ConfigMonster_Thoarder_Male_Fat_Shovel_02		sentry02	50004027			0	11	22010010	66	22010010	33	0	0	22010010				25030101	1			
25030202	4001	21.735	20.096	45	0	0	0	0	0	0	0	0	0	0	0	0	0	0	0	0	0	1	1	4	2	7	12	0	0	0	1		ConfigMonster_Thoarder_Male_Fat_Shovel_02		sentry02	50004027			0	11	22010010	66	22010010	33	0	0	22010010				25030101	1			
25040101	4001	32.603	25.12	45	0	0	0	0	0	0	0	0	0	0	0	0	0	0	0	0	0	1	1	4	2	7	12	0	0	0	1		ConfigMonster_Thoarder_Female_Hatchet_01		sentry02	50004026			0	11	22010010	66	22010010	33	0	0	22010030				25040101	1			
25040201	4001	21.735	20.096	45	0	0	0	0	0	0	0	0	0	0	0	0	0	0	0	0	0	1	1	4	2	7	12	0	0	0	1		ConfigMonster_Thoarder_Female_Standard_Hatchet_02		sentry02	50004026			0	11	22010010	66	22010010	33	0	0	22010010				25040101	1			
25050101	4001	21.735	20.096	45	0	0	0	0	0	0	0	0	0	0	0	0	0	0	0	0	0	1	1	4	2	7	12	0	0	0	1		ConfigMonster_LiYue_Sergeant_Male_01		sentry02	50004028			0	11	22010010	66	22010010	33	0	0	22010020				25050101	1			
25050201	4001	32.603	25.12	45	0	0	0	0	0	0	0	0	0	0	0	0	0	0	0	0	0	1	1	4	2	7	12	0	0	0	1		ConfigMonster_LiYue_Sergeant_Male_02		sentry02	50004030			0	11	22010010	66	22010010	33	0	0	22010030				25050201	1			
26010101	4001	13.584	22.608	45	0	0	0	0	0	0	0	0	0	0	0	0	0	0	0	0	0	1	1	4	2	7	12	0	0	0	1		ConfigMonster_Mimik_Ice_01		sentry02				0	11	22010010	60	0	0	0	0	22010010				26010101	1			
26020101	4001	13.584	22.608	45	0	0	0	0	0	0	0	0	0	0	0	0	0	0	0	0	0	1	1	4	2	7	12	0	0	0	1		ConfigMonster_Regisvine_Ice_01		sentry02				0	11	22010010	60	0	0	0	0	22010010				26020101	1			
28010101	4001	0.14	0.51	0	0	0	0	0	0	0	0	0	0	0	0	0	0	0	0	0	0	1	14	4	2	7	12	0	0	0	3		ConfigAnimal_Crab_01		sentry02				0		0	0	0	0	0	0	0		5	雪	28010101	1			
28010102	4001	0.14	0.51	0	0	0	0	0	0	0	0	0	0	0	0	0	0	0	0	0	0	1	14	4	2	7	12	0	0	0	3		ConfigAnimal_Crab_01		sentry02				0		0	0	0	0	0	0	0		5	雪	28010102	1			
28010103	4001	0.14	0.51	0	0	0	0	0	0	0	0	0	0	0	0	0	0	0	0	0	0	1	14	4	2	7	12	0	0	0	3		ConfigAnimal_Crab_01		sentry02				0		0	0	0	0	0	0	0		5	雪	28010103	1			
28020101	4001	0.14	0.51	0	0	0	0	0	0	0	0	0	0	0	0	0	0	0	0	0	0	1	14	4	2	7	12	0	0	0	1		ConfigAnimal_Fox_01		playing				0	11	0	0	0	0	0	0	22000100		4	雨,雷雨,雪	28020101	1			
28020102	4001	0.14	0.51	0	0	0	0	0	0	0	0	0	0	0	0	0	0	0	0	0	0	1	14	4	2	7	12	0	0	0	1		ConfigAnimal_Fox_01		playing				0	11	0	0	0	0	0	0	22000100		4	雨,雷雨,雪	28020102	1			
28020201	4001	0.14	0.51	0	0	0	0	0	0	0	0	0	0	0	0	0	0	0	0	0	0	1	14	4	2	7	12	0	0	0	1		ConfigAnimal_Squirrel_01		playing				0	11	0	0	0	0	0	0	22000000		4	雨,雷雨,雪	28020201	1			
28030101	4001	0.14	0.51	0	0	0	0	0	0	0	0	0	0	0	0	0	0	0	0	0	0	1	14	4	2	7	12	0	0	0	1		ConfigAnimal_Crane_01		playing				0	11	0	0	0	0	0	0	22001100			雨,雷雨,雪	28030101	1			
28030201	4001	0.14	0.51	0	0	0	0	0	0	0	0	0	0	0	0	0	0	0	0	0	0	1	14	4	2	7	12	0	0	0	1		ConfigAnimal_Falcon_01		playing				0	11	0	0	0	0	0	0	22001100		1	雨,雷雨,雪	28030101	1			
28030202	4001	0.14	0.51	0	0	0	0	0	0	0	0	0	0	0	0	0	0	0	0	0	0	1	14	4	2	7	12	0	0	0	1		ConfigAnimal_Falcon_01		playing				0	11	0	0	0	0	0	0	22001100		1	雨,雷雨,雪	28030101	1			
28030203	4001	0.14	0.51	0	0	0	0	0	0	0	0	0	0	0	0	0	0	0	0	0	0	1	14	4	2	7	12	0	0	0	1		ConfigAnimal_Falcon_01		playing				0	11	0	0	0	0	0	0	22001100		1	雨,雷雨,雪	28030101	1			
28030204	4001	0.14	0.51	0	0	0	0	0	0	0	0	0	0	0	0	0	0	0	0	0	0	1	14	4	2	7	12	0	0	0	1		ConfigAnimal_Falcon_01		playing				0	11	0	0	0	0	0	0	22001100		1	雨,雷雨,雪	28030101	1			
28050101	4001	0.14	0.51	0	0	0	0	0	0	0	0	0	0	0	0	0	0	0	0	0	0	1	14	4	2	7	12	0	0	0	3		ConfigAnimal_Wisp_Wind_01		playing				0		0	0	0	0	0	0	0		4	雨,雷雨,雪	28050101	1			
28050102	4001	0.14	0.51	0	0	0	0	0	0	0	0	0	0	0	0	0	0	0	0	0	0	1	14	4	2	7	12	0	0	0	3		ConfigAnimal_Wisp_Rock_01		playing				0		0	0	0	0	0	0	0		4	雨,雷雨,雪	28050101	1			
28010201	4001	0.14	0.51	0	0	0	0	0	0	0	0	0	0	0	0	0	0	0	0	0	0	1	14	4	2	7	12	0	0	0	3		ConfigAnimal_Lizard_01		sentry02				0		0	0	0	0	0	0	0		5	雨,雷雨,雪	28010201	1			
28010202	4001	0.14	0.51	0	0	0	0	0	0	0	0	0	0	0	0	0	0	0	0	0	0	1	14	4	2	7	12	0	0	0	3		ConfigAnimal_Lizard_01		sentry02				0		0	0	0	0	0	0	0		5	雨,雷雨,雪	28010202	1			
28010203	4001	0.14	0.51	0	0	0	0	0	0	0	0	0	0	0	0	0	0	0	0	0	0	1	14	4	2	7	12	0	0	0	3		ConfigAnimal_Lizard_01		sentry02				0		0	0	0	0	0	0	0		5	雨,雷雨,雪	28010203	1			
28010204	4001	0.14	0.51	0	0	0	0	0	0	0	0	0	0	0	0	0	0	0	0	0	0	1	14	4	2	7	12	0	0	0	3		ConfigAnimal_Salamander_01		sentry02				0		0	0	0	0	0	0	0		5	雨,雷雨,雪	28010201	1			
28010205	4001	0.14	0.51	0	0	0	0	0	0	0	0	0	0	0	0	0	0	0	0	0	0	1	14	4	2	7	12	0	0	0	3		ConfigAnimal_Salamander_01		sentry02				0		0	0	0	0	0	0	0		5	雨,雷雨,雪	28010202	1			
28010206	4001	0.14	0.51	0	0	0	0	0	0	0	0	0	0	0	0	0	0	0	0	0	0	1	14	4	2	7	12	0	0	0	3		ConfigAnimal_Salamander_01		sentry02				0		0	0	0	0	0	0	0		5	雨,雷雨,雪	28010203	1			
28010301	4001	0.14	0.51	0	0	0	0	0	0	0	0	0	0	0	0	0	0	0	0	0	0	1	14	4	2	7	12	0	0	0	3		ConfigAnimal_Frog_01		sentry02				0		0	0	0	0	0	0	0		5	雷雨,雪	28010301	1			
28010302	4001	0.14	0.51	0	0	0	0	0	0	0	0	0	0	0	0	0	0	0	0	0	0	1	14	4	2	7	12	0	0	0	3		ConfigAnimal_Frog_01		sentry02				0		0	0	0	0	0	0	0		5	雷雨,雪	28010302	1			
28010303	4001	0.14	0.51	0	0	0	0	0	0	0	0	0	0	0	0	0	0	0	0	0	0	1	14	4	2	7	12	0	0	0	3		ConfigAnimal_Frog_01		sentry02				0		0	0	0	0	0	0	0		5	雷雨,雪	28010303	1			
28020301	4001	6.792	12.56	0	0	0	0	0	0	0	0	0	0	0	0	0	0	0	0	0	0	1	14	4	2	7	12	0	0	0	1		ConfigAnimal_Boar_01		sentry02				0	11	0	0	0	0	0	0	22000100			雨,雷雨,雪	28020301	1			
28020302	4001	0.14	0.51	0	0	0	0	0	0	0	0	0	0	0	0	0	0	0	0	0	0	1	14	4	2	7	12	0	0	0	1		ConfigAnimal_Boar_01_Small		sentry02				0	11	0	0	0	0	0	0	22000100		4	雨,雷雨,雪	28020302	1			
28030301	4001	0.14	0.51	0	0	0	0	0	0	0	0	0	0	0	0	0	0	0	0	0	0	1	14	4	2	7	12	0	0	0	1		ConfigAnimal_Pigeon_01		playing				0	11	0	0	0	0	0	0	22001000		4	雨,雷雨,雪	28030301	1			
28030302	4001	0.14	0.51	0	0	0	0	0	0	0	0	0	0	0	0	0	0	0	0	0	0	1	14	4	2	7	12	0	0	0	1		ConfigAnimal_Pigeon_01		playing				0	11	0	0	0	0	0	0	22001000		4	雨,雷雨,雪	28030302	1			
28030303	4001	0.14	0.51	0	0	0	0	0	0	0	0	0	0	0	0	0	0	0	0	0	0	1	14	4	2	7	12	0	0	0	1		ConfigAnimal_Pigeon_01		playing				0	11	0	0	0	0	0	0	22001000		4	雨,雷雨,雪	28030303	1			
28030304	4001	0.14	0.51	0	0	0	0	0	0	0	0	0	0	0	0	0	0	0	0	0	0	1	14	4	2	7	12	0	0	0	1		ConfigAnimal_Pigeon_01		playing				0	11	0	0	0	0	0	0	22001000		4	雨,雷雨,雪	28030304	1			
28030305	4001	0.14	0.51	0	0	0	0	0	0	0	0	0	0	0	0	0	0	0	0	0	0	1	14	4	2	7	12	0	0	0	1		ConfigAnimal_Pigeon_01		playing				0	11	0	0	0	0	0	0	22001000		4	雨,雷雨,雪	28030305	1			
28030401	4001	0.14	0.51	0	0	0	0	0	0	0	0	0	0	0	0	0	0	0	0	0	0	1	14	4	2	7	12	0	0	0	1		ConfigAnimal_Tit_01		playing				0	11	0	0	0	0	0	0	22001000		5	雨,雷雨,雪	28030401	1			
28030402	4001	0.14	0.51	0	0	0	0	0	0	0	0	0	0	0	0	0	0	0	0	0	0	1	14	4	2	7	12	0	0	0	1		ConfigAnimal_Tit_01		playing				0	11	0	0	0	0	0	0	22001000		5	雨,雷雨,雪	28030402	1			
28030403	4001	0.14	0.51	0	0	0	0	0	0	0	0	0	0	0	0	0	0	0	0	0	0	1	14	4	2	7	12	0	0	0	1		ConfigAnimal_Tit_01		playing				0	11	0	0	0	0	0	0	22001000		5	雨,雷雨,雪	28030403	1			
28030404	4001	0.14	0.51	0	0	0	0	0	0	0	0	0	0	0	0	0	0	0	0	0	0	1	14	4	2	7	12	0	0	0	1		ConfigAnimal_Tit_01		playing				0	11	0	0	0	0	0	0	22001000		5	雨,雷雨,雪	28030404	1			
28030501	4001	0.14	0.51	0	0	0	0	0	0	0	0	0	0	0	0	0	0	0	0	0	0	1	14	4	2	7	12	0	0	0	1		ConfigAnimal_Wigeon_01		playing				0	11	0	0	0	0	0	0	22001000		4		28030501	1			
28030502	4001	0.14	0.51	0	0	0	0	0	0	0	0	0	0	0	0	0	0	0	0	0	0	1	14	4	2	7	12	0	0	0	1		ConfigAnimal_Wigeon_01		playing				0	11	0	0	0	0	0	0	22001000		4		28030501	1			
28030503	4001	0.14	0.51	0	0	0	0	0	0	0	0	0	0	0	0	0	0	0	0	0	0	1	14	4	2	7	12	0	0	0	1		ConfigAnimal_Wigeon_01		playing				0	11	0	0	0	0	0	0	22001000		4		28030501	1			
28040101	4001	0.14	0.51	0	0	0	0	0	0	0	0	0	0	0	0	0	0	0	0	0	0	1	14	4	2	7	12	0	0	0	3		ConfigAnimal_Fish_01		playing				0		0	0	0	0	0	0	22002000		5	雪	28040101	1			
28040102	4001	0.14	0.51	0	0	0	0	0	0	0	0	0	0	0	0	0	0	0	0	0	0	1	14	4	2	7	12	0	0	0	3		ConfigAnimal_Fish_01		playing				0		0	0	0	0	0	0	22002000		5	雪	28040102	1			
28040103	4001	0.14	0.51	0	0	0	0	0	0	0	0	0	0	0	0	0	0	0	0	0	0	1	14	4	2	7	12	0	0	0	3		ConfigAnimal_Fish_01		playing				0		0	0	0	0	0	0	22002000		5	雪	28040103	1			
28020401	4001	9999	0.51	0	0	0	0	0	0	0	0	0	0	0	0	0	0	0	0	0	0	1	14	4	2	7	12	0	0	0	1		ConfigAnimal_DogPrick_01		sentry02				0								0			雷雨,雪	28020401	1			
28020402	4001	9999	0.51	0	0	0	0	0	0	0	0	0	0	0	0	0	0	0	0	0	0	1	14	4	2	7	12	0	0	0	1		ConfigAnimal_DogPrick_01		sentry02				0								0			雷雨,雪	28020401	1			
28020403	4001	9999	0.51	0	0	0	0	0	0	0	0	0	0	0	0	0	0	0	0	0	0	1	14	4	2	7	12	0	0	0	1		ConfigAnimal_DogPrick_01		sentry02				0								0			雷雨,雪	28020401	1			
28020404	5001	9999	0.51	0	0	0	0	0	0	0	0	0	0	0	0	0	0	0	0	0	0	1	14	4	2	7	12	0	0	0	1		ConfigAnimal_DogPrick_01		sentry02				0								0			雷雨,雪	28020401	1			
28020501	4001	9999	0.51	0	0	0	0	0	0	0	0	0	0	0	0	0	0	0	0	0	0	1	14	4	2	7	12	0	0	0	1		ConfigAnimal_Cat_01		sentry02				0								0		4	雷雨,雪	28020401	1			
28020502	4001	9999	0.51	0	0	0	0	0	0	0	0	0	0	0	0	0	0	0	0	0	0	1	14	4	2	7	12	0	0	0	1		ConfigAnimal_Cat_01		sentry02				0								0		4	雷雨,雪	28020401	1			
28020503	4001	9999	0.51	0	0	0	0	0	0	0	0	0	0	0	0	0	0	0	0	0	0	1	14	4	2	7	12	0	0	0	1		ConfigAnimal_Cat_01		sentry02				0								0		4	雷雨,雪	28020401	1			
28020504	4001	9999	0.51	0	0	0	0	0	0	0	0	0	0	0	0	0	0	0	0	0	0	1	14	4	2	7	12	0	0	0	1		ConfigAnimal_Cat_01		sentry02				0								0		4	雷雨,雪	28020401	1			
28020505	4001	9999	0.51	0	0	0	0	0	0	0	0	0	0	0	0	0	0	0	0	0	0	1	14	4	2	7	12	0	0	0	1		ConfigAnimal_Cat_01		sentry02				0								0		4	雷雨,雪	28020401	1			
28020506	4001	9999	0.51	0	0	0	0	0	0	0	0	0	0	0	0	0	0	0	0	0	0	1	14	4	2	7	12	0	0	0	1		ConfigAnimal_Cat_01		sentry02				0								0		4	雷雨,雪	28020401	1			
28020507	4001	9999	0.51	0	0	0	0	0	0	0	0	0	0	0	0	0	0	0	0	0	0	1	14	4	2	7	12	0	0	0	1		ConfigAnimal_Cat_01		sentry02				0								0		4	雷雨,雪	28020401	1			
28020601	4001	0.14	0.51	0	0	0	0	0	0	0	0	0	0	0	0	0	0	0	0	0	0	1	14	4	2	7	12	0	0	0	1		ConfigAnimal_Marten_01		sentry02				0	11							22000000		4	雷雨,雪	28020401	1			
28020602	4001	0.14	0.51	0	0	0	0	0	0	0	0	0	0	0	0	0	0	0	0	0	0	1	14	4	2	7	12	0	0	0	1		ConfigAnimal_Marten_01		sentry02				0	11							22000000		4	雷雨,雪	28020401	1			
28020603	4001	0.14	0.51	0	0	0	0	0	0	0	0	0	0	0	0	0	0	0	0	0	0	1	14	4	2	7	12	0	0	0	1		ConfigAnimal_Marten_01		sentry02				0	11							22000000		4	雷雨,雪	28020401	1			
28020604	4001	0.14	0.51	0	0	0	0	0	0	0	0	0	0	0	0	0	0	0	0	0	0	1	14	4	2	7	12	0	0	0	1		ConfigAnimal_Marten_01		sentry02				0	11							22000000		4	雷雨,雪	28020401	1			
28050201	4001	0.14	0.51	0	0	0	0	0	0	0	0	0	0	0	0	0	0	0	0	0	0	1	14	4	2	7	12	0	0	0	1	Test_Mole_MoraDrop	ConfigAnimal_Thoarder_Weasel_01	9003	playing				0								0		4		28050101	1			
28050202	4001	0.14	0.51	0	0	0	0	0	0	0	0	0	0	0	0	0	0	0	0	0	0	1	14	4	2	7	12	0	0	0	1	Test_Mole_MoraDrop	ConfigAnimal_Thoarder_Weasel_01	9004	playing				0								0		4		28020203	1			
28050203	4001	0.14	0.51	0	0	0	0	0	0	0	0	0	0	0	0	0	0	0	0	0	0	1	14	4	2	7	12	0	0	0	1	Test_Mole_MoraDrop	ConfigAnimal_Thoarder_Weasel_01	9005	playing				0								0		4		28020203	1			
