子任务ID	父任务ID	序列	子任务组	禁止进入联机	显示状态	[领取条件]组合	[领取条件]1类型	[领取条件]1参数1	[领取条件]1参数2	[领取条件]1参数3	[领取条件]2类型	[领取条件]2参数1	[领取条件]2参数2	[领取条件]2参数3	[领取条件]3类型	[领取条件]3参数1	[领取条件]3参数2	[领取条件]3参数3	[完成条件]组合	[完成条件]1类型	[完成条件]1参数1	[完成条件]1参数2	[完成条件]1复杂参数	[完成条件]1次数	[完成条件]2类型	[完成条件]2参数1	[完成条件]2复杂参数	[完成条件]2次数	[完成条件]3类型	[完成条件]3参数1	[完成条件]3复杂参数	[完成条件]3次数	[失败条件]组合	[失败条件]1类型	[失败条件]1参数1	[失败条件]1复杂参数	[失败条件]1次数	[失败条件]2类型	[失败条件]2参数1	[失败条件]2复杂参数	[失败条件]2次数	[任务指引]类型	[任务指引]自动开启或关闭	[任务指引]参数1	[任务指引]参数2	[任务指引]场景ID	[任务指引]样式	[任务指引]显示层级	场景内指引	完成父任务	失败父任务	是存档点	[任务道具]ID	[任务道具]数量	[执行]1类型	[执行]1参数1	[执行]1参数2	[执行]2类型	[执行]2参数1	[执行]2参数2	[执行]3类型	[执行]3参数1	[执行]3参数2	[失败执行]1类型	[失败执行]1参数1	[失败执行]1参数2	[失败执行]2类型	[失败执行]2参数1	[失败执行]2参数2	[失败执行]3类型	[失败执行]3参数1	[失败执行]3参数2	[开始执行]1类型	[开始执行]1参数1	[开始执行]1参数2	[开始执行]2类型	[开始执行]2参数1	[开始执行]2参数2	[开始执行]3类型	[开始执行]3参数1	[开始执行]3参数2	独占NPC	共享NPC	独占优先级	试用角色列表	$#VersionBegin	$#VersionEnd
34800	348	1			1		1	99902	3											24	3481701			16																																																															0.1
34801	348	2			1															2	34801																																		23	3481701	1																														0.1
34802	348	3			1															2	34802																																		23	3481701	1																														0.1
34803	348	4			1															2	34803																																		23	3481701	1																														0.1
34804	348	5			1															2	34804																																		23	3481701	1																														0.1
34805	348	6			1															2	34805																																		23	3481701	1																														0.1
34806	348	7			1															2	34806																																		23	3481701	1																														0.1
34807	348	8			1															2	34807																																		23	3481701	1																														0.1
34808	348	9			1															2	34808																																		23	3481701	1																														0.1
34809	348	10			1															2	34809																																		23	3481701	1																														0.1
34810	348	11			1															2	34810																																		23	3481701	1																														0.1
34811	348	12			1															2	34811																																		23	3481701	1																														0.1
34812	348	13			1															2	34812																																		23	3481701	1																														0.1
34813	348	14			1															2	34813																																		23	3481701	1																														0.1
34814	348	15			1															2	34814																																		23	3481701	1																														0.1
34815	348	16			1															2	34815																																		23	3481701	1																														0.1
34816	348	17			1															2	34816																																		23	3481701	1																														0.1
34817	348	18			1															24	3481701			16																															30																																0.1
34900	349	1			1		1	99902	3											24	3491301			12																																																															0.1
34901	349	2			1															2	34901																																		23	3491301	1																														0.1
34902	349	3			1															2	34902																																		23	3491301	1																														0.1
34903	349	4			1															2	34903																																		23	3491301	1																														0.1
34904	349	5			1															2	34904																																		23	3491301	1																														0.1
34905	349	6			1															2	34905																																		23	3491301	1																														0.1
34906	349	7			1															2	34906																																		23	3491301	1																														0.1
34907	349	8			1															2	34907																																		23	3491301	1																														0.1
34908	349	9			1															2	34908																																		23	3491301	1																														0.1
34909	349	10			1															2	34909																																		23	3491301	1																														0.1
34910	349	11			1															2	34910																																		23	3491301	1																														0.1
34911	349	12			1															2	34911																																		23	3491301	1																														0.1
34912	349	13			1															2	34912																																		23	3491301	1																														0.1
34913	349	14			1															24	3491301			12																															30																																0.1
35001	350	1		1	1														2	2	30902				2	30904																								1																																					0.1
35104	351	1			1															4	35104																					2		1005		3			1			1																																			0.1
35100	351	2					1	35104	3										2	4	35100				6	1053																2		1005		3			1			1																																		0.1	
35107	351	3			1		1	35100	3											6	1101																																		19	3	133003429,1																														0.1
35101	351	4					1	35100	3											6	1100													21								2		1005	QuestArrow	3			2															14	35100																					0.1	
35106	351	5					1	35101	3											23	3	6																				1		Q351Trans		3	2	1																																						0.1	
35105	351	6					1	35106	3											6	1016																					2		1005	QuestArrow	3			2			1																																		0.1	
35103	351	7			1	1	1	35106	3		2	35105	3		2	35105	3			6	1016																					2		1005	QuestArrow	3			2																																						0.1
35102	351	8				2	1	35103	3		1	35105	3		1	35105	3			6	1017																					1		Q351ClimbEnd		3			1	1		1																																		0.1	
36203	362	1			1	1	1	99902	3		2	35200	3		2	35200	3			6	1020																													1																																				0.1	0.1
36301	363	1			1		1	35202	3											2	35328																													1																																					
35200	352	1					1	35102	3											6	1021																					1		Q352View		3			1			1																																		0.1	
35201	352	2					1	35200	3										2	6	1001				6	1095																1		Q352View		3			1			1																																		0.1	
35202	352	3					1	35201	3											2	35216																					2		1005		3						1																																		0.1	
35203	352	4					1	35202	3										1	4	35203				6	1172							2	8	35203			21				2		1005	QuestArrow	3			2															14	35202																					0.1	
35204	352	5					1	35203	3											6	1003																					2		1005		3	2	1	2			1																																		0.1	
35205	352	6			1		1	35204	3											4	35205																					1		Q353Guide2		3			1	1					2	3	7	3	3	1	6	7																									0.1
35301	353	1					1	35205	3											2	35328																					2		1005		3	2	2				1																					19	3	133003002,1											0.1	
35312	353	2			1		1	35205	3											20			1330030024	1										8	35312																													14	35301																						0.1
35302	353	3					1	35301	3											107	10067													20		1330030022	1					1		Q353Guide1		3	2	1	1			1												14	35302								19	3	133003002,2											0.1	
35309	353	4					1	35302	3											20			1330030022	1																		1		Q353Guide1		3	2	1	1																																					0.1	
35303	353	5					1	35309	3											107	10006													20		1330030023	1					1		Q353Guide1		3	2	1	1			1												14	35303								15	3	133003448											0.1	
35310	353	6					1	35303	3											20			1330030023	1																		1		Q353Guide1		3	2	1	1																																					0.1	
35304	353	7					1	35310	3											107	10068													20		1330030024	1					1		Q353Guide1		3	2	1	1			1												14	35304								15	3	133003449	39										0.1	
35311	353	8					1	35304	3											20			1330030024	1																		1		Q353Guide1		3	2	1	1	1					16	2	1	16	1	1																										0.1	
36100	361	1			1		1	35311	3											4	36100																															1																					19	3	133003436,1												0.1
36101	361	2			1		1	36100	3											4	36101																													1		1																																			0.1
35501	355	1					1	35311	3											4	36101																					1	1	Q301WendyPlay		3			1																																					0.1	
35502	355	2				1	1	35501	3		1	36101	3		1	36101	3			6	1022																					1	2	Q355Stone		3			1																																					0.1	
35503	355	3					1	35502	3											2	35507																					2		1005		3	2	2				1																																		0.1	
35504	355	4					1	35503	3											5	100135																					1		Q355Stone2		3	2	1				1																																		0.1	
35505	355	5					1	35504	3											2	35506																					2		1005		3	2	2		1		1																																		0.1	
35401	354	1					1	35505	3											6	1018																					1		Q354DummySafe		3			1																																					0.1	
35402	354	2					1	35401	3											2	35404																					2		1002		3	2	2				1	1021	1																																0.1	
35404	354	3					1	35402	3											20			133003079	1																		1		Q354Center		3	2	1	1			1																					15	3	133003439											0.1	
35405	354	4			1		1	35404	3											4	35405																																																																		0.1
35403	354	5					1	35404	3											6	1103																					1		Q360qq1		3			1	1		1																																		0.1	
36001	360	1					1	35403	3											20			133003435	1																		1		Q360qq1		3			1			1			19	3	133003435,2																19	3	133003435,1											0.1	
36003	360	3					1	36001	3											20			133003136	1																		1		Q360qq2		3			1			1																					19	3	133003136,1											0.1	
36004	360	4					1	36003	3											2	36001																					2		1002								1			19	3	133003136,2																													0.1	
36005	360	5					1	36004	3											6	1024																					1		Q354Gate		3	4			1		1			9	0																														0.1	
35601	356	1					1	36005	3											2	35601																					2		1002		3	2	2				1																																		0.1	
35602	356	2			1		1	35601	3											6	1126																																																																		0.1
35603	356	3					1	35601	3											6	1102																					1		Q356Ambor4		3	4					1																																		0.1	
35604	356	4					1	35603	3											2	35604																																		8	1																														0.1	
35605	356	5			1		1	35604	3											4	35605																					2		1002		3	2	1																																							0.1
35606	356	6					1	35605	3											6	1037																					2		1002		3	2	1		1																																				0.1	
35901	359	1			1		1	35725	3											4	35901																													1					22	3	0	22	1	0													22	3	1												0.1
35902	359	2			1		1	35802	3											4	35902																																																																		0.1
35903	359	3			1		1	35802	3											4	35903																																																																		0.1
35904	359	4			1		1	35802	3											4	35904																																																																		0.1
35721	357	1			1		1	35606	3											9	2004	67																														1																																			0.1
35722	357	2					1	35721	3											20			220020001	1										10	3																	1			10	0								14	35721																					0.1	
35725	357	3			1		1	35722	3											10	3													19	2004																	1												14	35721																						0.1
35723	357	4			1		1	35725	3											2	35723																															1																																			0.1
35724	357	5					1	35723	3											6	1039																					1		QuestKnighthood		3				1		1																																		0.1	
35720	357	6			1		1	99902	3											18	0		0,24																													1																																		0.1	
35800	358	1			1		1	35724	3											18	0		0,24																																																																0.1
35801	358	2					1	35800	3											17	1004																					1		QuestKnighthood		3						1																																		0.1	
35802	358	3					1	35801	3											2	35801																					2		1006		1004	2	2		1		1																																		0.1	
30600	306	1					1	35802	3											6	1040																					1		Q306DungeonDoor		3						1																																		0.1	
30601	306	2					1	30600	3											2	30611																					2		1002		3	2	2				1																																		0.1	
30602	306	3					1	30601	3											9	1001	20																				1		AmborDungeon		3						1																																		0.1	
30607	306	4			1		1	30602	3											6	1048																															1																																			0.1
30608	306	5			1		1	30602	3											6	1049																															1																																			0.1
30609	306	6			1		1	30602	3											6	1050																															1																																			0.1
30612	306	7			1		1	30602	3											20			220009011	1																												1																																			0.1
30611	306	8			1		1	30602	3											19	1001																																																																		0.1
30603	306	9					1	30602	3											12	70300014													19	1001																	1												14	30602																					0.1	
30610	306	10			1		1	30603	3											2	30610													19	1001																	1												14	30602																						
30604	306	11			1		1	30603	3											10	3																													1		1																																			0.1
30700	307	1					1	35802	3											6	1041																					1		Q307DungeonDoor		3						1																																		0.1	
30701	307	2					1	30700	3											2	30711																					2		1004		3	2	2				1																																		0.1	
30702	307	3					1	30701	3											9	1	1																				1		KaeyaDungeon		3						1																																		0.1	
30710	307	4					1	30702	3										2	2	30712				12	70300015																2		1004		20008	2	2				1			12	2																														0.1	
30707	307	5			1		1	30702	3											6	1054																															1																																	2		0.1
30708	307	6			1		1	30702	3											6	1055																															1																																	2		0.1
30709	307	7			1		1	30702	3											6	1056																															1																																	2		0.1
30712	307	8			1		1	30702	3											20			220008001	1																												1																																	2		0.1
30711	307	9			1		1	30702	3											19	1																																																																2		0.1
30703	307	10					1	30702	3											12	70300015													19	1																	1												14	30702																				2	0.1	
30715	307	11			1		1	30703	3											2	30715													19	1																	1												14	30702																				2		0.1
30713	307	12			1		1	30715	3											4	30713													19	1																	1												14	30702																				2		0.1
30704	307	13			1		1	30713	3											4	30713																													1		1			20	2																													2		0.1
30800	308	1					1	35802	3											6	1042																					1		Q308DungeonDoor		3						1																																		0.1	
30801	308	2					1	30800	3											2	30811																					2		1007		3	2	2				1																																		0.1	
30802	308	3					1	30801	3											9	1003	22																				1		LisaDungeon		3						1																																		0.1	
30810	308	4					1	30802	3										2	2	30812				12	70300016																2		1007		20011	2	2				1			12	3																														0.1	
30807	308	5			1		1	30802	3											6	1057																															1																																	3		0.1
30808	308	6			1		1	30802	3											6	1058																															1																																	3		0.1
30809	308	7			1		1	30802	3											6	1059																															1																																	3		0.1
30812	308	8			1		1	30802	3											20			LisaOne	1																												1																																	3		0.1
30811	308	9			1		1	30802	3											19	1003																																																																3		0.1
30803	308	10					1	30802	3											12	70300016													19	1003																	1			15	3	133001247							14	30802																				3	0.1	
30814	308	11			1		1	30803	3										2	2	30814				10	3																										1																																	3		0.1
30804	308	12			1		1	30803	3											10	3																													1		1			20	3																													3		0.1
30901	309	1			1		1	35802	3										1	11	1001				11	1			11	1003																																																									0.1
30903	309	2			1		1	30901	3											10	3																																																																		0.1
30904	309	3			1		1	30903	3											4	30904																													1		1			16	7	0	16	8	1																											0.1
31101	311	1			1		1	30904	3										2	2	30902				2	30904																2		1005		3	2	2		1		1																																			0.1
31201	312	1			1		1	30803	3										2	2	30814				10	3																2		1005		3	2	2		1		1																																			0.1
31001	310	1					1	99902	3											2	41401			10																		2		1435																																										0.1	0.1
31002	310	2			1		1	99902	3											2	31013																																1016	1																																0.1	0.1
31003	310	3			1		1	99902	3											2	31014																																1020	1																																0.1	0.1
31004	310	4			1		1	99902	3											2	31015																																1022	1																																0.1	0.1
31005	310	5			1		1	99902	3											2	31016																																1003	1																																0.1	0.1
31006	310	6			1		1	99902	3											2	31017																																1014	1																																0.1	0.1
31007	310	7			1		1	99902	3											2	31018																																1002	1																																0.1	0.1
31008	310	8			1		1	99902	3											2	31019																																1023	1																																0.1	0.1
30302	303	1			1															2	30302																																		2	3	3	3	3	3																											
30303	303	2			1															2	30303																																		2	3	4	3	3	2																											
30304	303	3			1															2	30304																																		2	3	29	3	3	4																											
30305	303	4			1															2	30305																																		2	3	72	3	3	5	23	31801	1																								
30306	303	5			1															2	30306																																		2	3	73	3	3	7	23	31801	1																								
30307	303	6			1															2	30307																																		2	3	74	3	3	6	23	31801	1																								
30308	303	7			1															2	30308																																		2	3	75	3	3	8	23	31801	1																								
31801	318	1			1															24	31801			1																												1																																			
31802	318	2			1		1	31801	3											2	31802																													1		1																																			
37001	370	1					1	31101	3											4	37001																					1		Q37001Qin		3			1			1																														1006		1000		0.1	
37002	370	2					1	37001	3											2	37002																					2		1006		3	2	2																																		1006		1000		0.1	
37004	370	3					1	37002	3											17	1004																					1		QuestKnighthood		3						1																														1006		1000			
37005	370	4					1	37004	3											2	37005																					1		QuestDoorin		1004				1		1																														1006,1007		1000			
37003	370	5			1		1	37005	2											6	1067																															1																																			0.1
37101	371	1					1	37005	3											10	3																					1		Q371PaimonTemp		3						1																																		0.1	
37102	371	2					1	37101	3											2	37101																					2		1243		3	2	2				1																																		0.1	
37103	371	3					1	37102	3											4	37103																					1		Q371WendyFootPrint1		3																																								0.1	
37104	371	4					1	37103	3											2	37109																					2		1243		3	2	2																																						0.1	
37105	371	5		1			1	37104	3											4	37105																					1		Q371WendyFootPrint1	30	3																																								0.1	
37106	371	6		1			1	37105	3											4	37106																					1		Q371WendyTrigger1	30	3																																								0.1	
37107	371	7		1			1	37106	3											4	37107																					1		Q371WendyTrigger2	30	3																																								0.1	
37108	371	8		1			1	37107	3											4	37108																					1		Q371WendyTrigger3	30	3																																								0.1	
37109	371	9		1			1	37108	3											4	37109																					1		Q371WendyTrigger4	30	3																																								0.1	
37110	371	10		1			1	37109	3											4	37110																					1		Q371WendyTrigger5	30	3																																								0.1	
37111	371	11		1			1	37110	3											4	37111																					1		Q371WendyTrigger6	30	3																																								0.1	
37112	371	12		1			1	37111	3											4	37112																					1		Q371WendyTrigger7	30	3																																								0.1	
37113	371	13		1			1	37112	3											4	37113																					1		Q371WendyTrigger8	30	3				1																																				0.1	
37114	371	14			1		1	37108	3											6	1094																																																																		0.1
37115	371	15			1	1	1	37114	3		2	37109	3							2	37115																																																																		0.1
37201	372	1		1			1	37113	3											4	37201																					2		1160		3	2	1				1																														1001		1000		0.2	
37202	372	2		1			1	37201	3											4	37202																					2		1160		3	2	2				1																														1001		1000		0.2	
37203	372	3		1			1	37202	3											2	3720301																					2		1160		3	2	2		1		1	100164	1	1	100135	1																									1001		1000		0.2	
37301	373	1		1			1	37203	3											4	37301																					2		1001		3	1	1				1																														1001		1000		0.2	
37302	373	2		1			1	37301	3											4	37302																					2		1001		3	2	1				1																														1001		1000		0.2	
37303	373	3					1	37302	3											7	133001305																					1		Q373WindBoss	30	3			1			1																					19	3	133001305,2							1001		1000		0.2	
37304	373	4					1	37303	3											2	37304																					2		1001		3	3	1		1		1																														1001		1000		0.2	
37408	374	1			1		1	37304	3											4	37408																															1																																			
37407	374	2					1	37304	3											2	37407																					2		1001		3	2	1				1																														1001		1000			
37401	374	3		1			1	37407	3											6	1028																					2		1001		1008	2	2				1																														1001		1000		0.1	
37402	374	4		1			1	37401	3											2	37402																					2		1001		1008	2	2				1																														1001		1000		0.1	
37403	374	5			1		1	37402	3											4	37403																					2		1001		1008	2	2				1																														1001		1000			0.1
37404	374	6					1	37403	3											2	37403																					2		1001		1008	2	2				1																														1001		1000		0.1	
37405	374	7			1		1	37404	3											4	37405																					2		1161		1008	2	2				1																														1001		1000			0.1
37406	374	8					1	37405	3											2	37404																					2		1161		1008	2	2		1		1																														1001		1000		0.1	
37501	375	1					1	37406	3											2	37501																					2		1001		1008	2	2				1			2	1008	1																									1001		1000		0.1	
37502	375	2					1	37501	3											17	1005																					1		QuestMarkSteal		1008	4	2				1																																		0.1	
37503	375	3		1			1	37502	3											6	1044													8	37503							1		Harp		1005	2	1				1																																		0.1	
37504	375	4			1		1	37503	4											4	37504																					1		QuestChurchMark		3						1			14	37502																															0.1
37505	375	5		1	1		1	37503	3											4	37505																					1		QuestChurchMark		3						1			17	1008	1																														0.1
37506	375	6		1	1		1	37505	3											10	3																					1		QuestChurchMark		3						1																																			0.1
37507	375	7		1	1		1	37506	3											4	37506																					1		QuestChurchMark		3				1		1																																			0.1
42101	421	1			1		1	37407	3										2	2	37503				2	37504																										1																																			0.1
42102	421	2			1		1	42101	3											4																																			14	42101																															0.1
42103	421	3			1		1	37506	3											17	1008																																																																		0.1
42104	421	4			1		1	42103	3											4																														1		1																																			0.1
37601	376	1		1			1	37506	3											6	1031																					1		Q375RunStart		3			1			1			17	3	31	17	3	32																										0.1	
37602	376	2		1			1	37601	3											6	1070												2	8	37602			21				1		QuestBarUI		3			1						2	3	31	2	3	32																										0.1	
37603	376	3			1		1	37602	4											4																																			14	37601																															0.1
37604	376	4					1	37602	3											17	1009																					1		QuestBarEnter		3			1			1																																		0.1	
37605	376	5					1	37604	3											2	37604																					2		1009		1009	2	2				1																														1001,1009		1000			0.1
37606	376	6		1			1	37605	3											6	1034																					1		Q376Hide		1009	2	1				1																														1001,1009		1000		0.1	
37607	376	7		1	1		1	37606	3											2	37606																					1		Q376Hide		1009						1																														1001,1009		1000			0.1
37608	376	8		1			1	37607	3											2	37607																					2		1009		1009	2	2		1		1																														1001,1009		1000		0.1	
37701	377	1					1	37608	3											10	3																					1		QuestBarExit		1009						1																																			
37702	377	2			1		1	37701	3											18	0		0,24																													1																																		0.1	
37703	377	3					1	37702	3											18	0		0,6																													1																														1001,1009,1006		1000		0.1	
37704	377	4		1			1	37703	3											4	37704													18	0	6,23						1		QuestBarUI		3	2	1				1												14	37703																	1001,1009,1006		1000		0.1	
37705	377	5		1			1	37704	3											2	37702																					2		1009		1009	2	2				1																														1001,1009,1006		1000		0.1	
37706	377	6					1	37705	3											2	37712																					2		1009		1009	2	2		1		1			2	3	113																									1001,1009,1006		1000			
37801	378	1			1		1	99902	3											18	0		0,24																													1																																			0.1
37802	378	2					1	37801	3											4	37802																					1		Q378Qin1		3						1												14	37801																		1006,1008	1000			0.1
37803	378	3					1	37802	3											2	37801																					2		1006		3	2	2				1																														1006,1008		1000			0.1
37804	378	4					1	37803	3											4	37804												2	8	37804			21				2		1006	QuestArrow	3			2															14	37803																	1006,1008		1000			0.1
37805	378	5					1	37804	3											2	37803																					2		1008		3	2	2		1		1																														1006,1008		1000			0.1
39501	395	1			1		1	37805	3											18	0		0,24																													1																																			0.1
39502	395	2					1	39501	3											4																						1		Q395BBR		3						1												14	39501																	1006,1008		1000			0.1
39503	395	3					1	39502	3											2	39503																					2		1008		3	2	2		1		1	100161	1																												1006,1008		1000			0.1
2010100	20101	1			1		1	37706	3											10	3																																																																		
2010101	20101	1		1			1	37706	3											9	1009	22																				1		Yuren_Enter		3	4	1				1																					1	100175	1	19	3	133002334,2									
2010102	20101	2		1			1	2010101	3											4	2010102													19	1009																	1												14	2010101								12	11											11		
2010103	20101	3		1			1	2010102	3											2	2010103													19	1009																	1			15	20023	220023005							14	2010101																				11		
2010144	20101	4			1		1	2010103	3											18	0		0,24											19	1009																	1												14	2010101																				11		
2010104	20101	5			1		1	2010144	3											4	2010104																															1																																	11		
2010105	20101	6			1		1	2010144	3											2	2010105																															1																																	11		
2010106	20101	7			1		1	2010144	3											2	2010106																															1																																	11		
2010107	20101	8			1		1	2010144	3											2	2010107																															1																																	11		
2010108	20101	9			1		1	2010144	3											2	2010108																															1																																	11		
2010109	20101	10			1		1	2010144	3											4	2010109													8	2010109																	1			15	20023	220023016																												11		
2010110	20101	11			1		1	2010144	3											4	2010110													8	2010110																	1																																	11		
2010111	20101	12			1		1	2010110	3											4	2010111																															1			19	20023	220023016,2																												11		
2010112	20101	13			1		1	2010111	3											20			220023016	1																												1																																	11		
2010113	20101	14			1	2	1	2010112	3		1	2010109	3							18	0		0,24																													1			23	2010140	1	23	2010141	1																									11		
2010145	20101	15			1		1	2010144	3											4	2010145																															1	100175	1																															11		
2010146	20101	16			1		1	2010144	3											4	2010146																															1	100175	1																															11		
2010114	20101	17			1		1	2010144	3											4	2010114																															1																																	11		
2010115	20101	18			1		1	2010144	3											2	2010115																															1																																	11		
2010116	20101	19			1		1	2010144	3											2	2010116																															1																																	11		
2010117	20101	20			1		1	2010144	3											2	2010117																															1																																	11		
2010118	20101	21			1		1	2010144	3											2	2010118																															1																																	11		
2010119	20101	22			1		1	2010144	3											4	2010119													8	2010119																	1			15	20023	220023015																												11		
2010120	20101	23			1		1	2010144	3											4	2010120													8	2010120																	1																																	11		
2010121	20101	24			1		1	2010120	3											4	2010121																															1			19	20023	220023015,2																												11		
2010122	20101	25			1		1	2010121	3											20			220023015	1																												1																																	11		
2010123	20101	26			1	2	1	2010122	3		1	2010119	3							18	0		0,24																													1			23	2010140	1	23	2010141	1																									11		
2010147	20101	27			1		1	2010144	3											4	2010147																															1	100175	1																															11		
2010148	20101	28			1		1	2010144	3											4	2010148																															1	100175	1																															11		
2010124	20101	29			1		1	99902	3											4	2010124																															1																																	11		
2010125	20101	30			1		1	2010124	3											2	2010125																															1																																	11		
2010126	20101	31			1		1	2010124	3											2	2010126																															1																																	11		
2010127	20101	32			1		1	2010124	3											2	2010127																															1																																	11		
2010128	20101	33			1		1	2010124	3											2	2010128																															1																																	11		
2010129	20101	34			1		1	2010124	3											4	2010129													8	2010129																	1																																	11		
2010130	20101	35			1		1	2010124	3											4	2010130													8	2010130																	1																																	11		
2010131	20101	36			1		1	2010130	3											4	2010131																															1			19	20023	220023008,2																												11		
2010132	20101	37			1		1	2010131	3											20			220023008	1																												1																																	11		
2010133	20101	38			1	2	1	2010132	3		1	2010129	3							18	0		0,24																													1			23	2010140	1	23	2010141	1																									11		
2010149	20101	39			1		1	2010144	3											4	2010149																															1	100175	1																															11		
2010150	20101	40			1		1	2010144	3											4	2010150																															1	100175	1																															11		
2010134	20101	41			1		1	2010144	3											4	2010134																															1																																	11		
2010135	20101	42			1		1	2010144	3											20			220023018	1																												1			23	2010140	1	23	2010141	1																									11		
2010136	20101	43			1		1	99902	3											4	2010136																															1																																	11		
2010137	20101	44			1		1	2010136	3											20			220023019	1																												1			23	2010140	1	23	2010141	1																									11		
2010138	20101	45			1		1	2010144	3											4	2010138																															1																																	11		
2010139	20101	46			1		1	2010144	3											20			220023017	1																												1			23	2010140	1	23	2010141	1																									11		
2010140	20101	47			1		1	2010144	3											24	2010140			3																												1			15	20023	220023017	15	20023	220023018	15	20023	220023019																						11		
2010141	20101	48		1			1	2010144	3											5	100175													19	1009																	1			15	20023	220023012							14	2010101																				11		
2010142	20101	49		1			1	2010141	3											20			220023012	1										19	1009																	1			1	100175	1							14	2010101																				11		
2010143	20101	50		1			1	2010142	3											20			220023014	1										19	1009																	1												14	2010101																				11		
2010152	20101	51		1			1	2010143	3											25	70700016													19	1009																	1												14	2010101																				11		
2010151	20101	52		1			1	2010152	3											2	2010151													19	1009															1		1	100161	1	17	3	113	20	11		19	3	133002334,1	14	2010101																				11		
37901	379	1					1	2010151	3											17	1009																					1		QuestBarUI		3	2	1				1																															1001,1009,1006	1000		0.1	
37902	379	2					1	37901	3											2	37902																					2		1001		1009	2	2				1																														1001,1009,1006		1000			0.1
37903	379	3					1	37902	3											4	37903																					2		1001		1009	2	2				1	100162	1	1	100161	1	1	100164	1																						1001,1009,1006		1000		0.1	
37904	379	4					1	37903	3											2	37904																					2		1006		1009	2	2		1		1																														1001,1009,1006		1000		0.1	
38501	385	1			1		1	99902	3											4	38501																					2		1469		3	2	2																																						0.1	0.1
38601	386	1					1	99902	3											2	38601																					2		1469		3	2	2				1																																			0.1
38602	386	2					1	38601	3											20			133002105	1																		1		Q386Target1	70	3				1		1																					19	3	133002150,1												0.1
38701	387	1				1	1	99902	3		1	38601	3							2	38701																					2		1469		3	2	2				1																																			0.1
38702	387	2					1	38701	3											11	4007																					1		Q387Target1		3						1																																			0.1
38703	387	3					1	38702	3											2	38703																					2		1469		3	2	2				1																																			0.1
38704	387	4					1	38703	3											2	38704																					2		1512		3	2	2		1		1																																			0.1
38001	380	1					1	37904	3											4	38001																					1		DUMMY_POS 3003390	40	3			1			1			15	3	133003151																													0.1	
38002	380	2		1			1	38001	3											7	133003151																					1		DUMMY_POS 3003390	40	3			1																																					0.1	
38003	380	3		1			1	38002	3											5	100158																					1		Quest380		3	2	1				1			15	3	133003151																													0.1	
38004	380	4			1		1	38003	3											2	38004																													1		1																																			0.1
38101	381	1					1	37904	3											4	38101																					1		Q381DragonTill		3						1			1	100160	1																													0.1	
38102	381	2		1			1	38101	3											9	10	40																				1		Q381DragonTill		3						1																																		0.1	
38103	381	3		1			1	38102	3											20			DragonTear	1										19	10							1		DUMMY_POS 1006001		1006						1												14	38101																					0.1	
38104	381	4		1			1	38103	3											5	100160													19	10							1		DUMMY_POS 1006002		1006						1												14	38101																					0.1	
38105	381	5		1	1		1	38104	3											2	38105													19	10															1		1												14	38101																						0.1
38201	382	1					1	37904	3										2	6	1065				6	1066																1		Q382DragonTill		3						1																																		0.1	
38202	382	2		1			1	38201	3											5	100159																					1		Q382DragonTillChest		3	2	1				1			19	3	133001249,1																19	3	133001249,2											0.1	
38203	382	3			1		1	38202	3											4	38203																													1		1																																			0.1
38301	383	1		1		1	1	38004	3		1	38105	3		1	38202	3			6	1035																					1		Q383Mark		3																																					1001,1009,1006	1000		0.1	
38302	383	2					1	38301	3											2	38302																					2		1006		3	2	2				1																														1001,1009,1006		1000		0.1	
38303	383	3					1	38302	3											4																						2		1001		3	2	2				1	100163	1	1	100162	1	18	100158:1,100159:1,100160:1																							1001,1009,1006		1000		0.1	
38304	383	4			1		1	38303	3											2	38304																					2		1006		3	2	2		1		1																														1001,1009,1006		1000			0.1
38401	384	1			1		1	38304	3											18	0		0,24																													1																																			0.1
38402	384	2		1			1	38401	3											4	38402																					1		Q384Trigger		3	4					1												14	38401																		1001,1009,1006	1000		0.1	
38403	384	3		1			1	38402	3											2	38402																					2		1001		3	2	2				1																														1001,1009,1006		1000		0.1	
38404	384	4		1	1		1	38403	3											4	38404																					1		Q384WendyTemp		3	4					1																														1001,1009,1006		1000			0.1
38405	384	5		1	1		1	38404	3											2	38404																					2		1001		3	2	2				1																														1001,1009,1006		1000			0.1
38406	384	6		1	1		1	38405	3											4	38406																													1		1	100165	1	1	100163	1																														
39701	397	1					1	38406	3											6	1123																					1		Q39702Diluc		3						1																															1001,1009,1006	1000			0.1
39702	397	2					1	39701	3											2	39702																					2		1009		3	2	2																																		1001,1009,1006		1000		0.2	
39705	397	3			1		1	39702	3											18	0		0,24																																																											1001,1009,1006		1000			
39703	397	4					1	39705	3											7	133002233												2	21				8	39703			1		Q38406Player	60	3						1												14	39703		19	3	133002233,2				19	3	133002233,2							1001,1009,1006		1000		0.2	
39704	397	5					1	39703	3											2	39704																													1		1			19	3	133002233,1																									1001,1009,1006		1000			0.1
38806	388	1					1	39704	3											6	1062																					1		Q388Mark1		3	4	2				1																															1001,1009,1006	1000		0.1	
38801	388	2		1	1		1	38806	3											4																																			7	133004015																										1001,1009,1006		1000			0.1
38802	388	3		1			1	38801	3											7	133004015												2	21				8	38802			1		Q388Mark2	20	3	4	2																																		1001,1009,1006		1000		0.1	
38805	388	4		1	1		1	38802	4											4	38805																																		14	38806																															0.1
38803	388	5		1			1	38802	3											4	38803																					2		1001		3	2	2				1			15	3	133007001																									1001,1009,1006		1000		0.1	
38804	388	6		1	1		1	38803	3											2	38804																													1		1																														1001,1009,1006		1000			0.1
38901	389	1			1		1	38804	3											6	1045																																																																		0.1
38902	389	2					1	38804	3											6	1046																					1		Q389Target1		3	4	2				1																														1001,1009,1006		1000		0.1	
38903	389	3			1		1	38902	3											2	38903																																																													1001,1009,1006		1000			0.1
38909	389	4					1	38903	3											6	1099																					1		Q389Target6		3	4	1				1																														1001,1009,1006		1000		0.1	
38907	389	5					1	38909	3											6	1097																					1		Q389Target4		3	4	1				1																														1001,1009,1006		1000		0.1	
38904	389	6					1	38907	3											6	1047																					1		Q389Target2		3	4	1				1																														1001,1009,1006		1000		0.1	
38910	389	7					1	38904	3											6	1147																					1		Q389Target7		3	4	1																																		1001,1009,1006		1000			
38908	389	8					1	38910	3											6	1098																					1		Q389Target5		3	4	1				1																														1001,1009,1006		1000		0.1	
38905	389	9		1			1	38908	3											6	1092																					1		Q389VentiPos2		3	4	1				1																					15	3	133007227							1001,1009,1006		1000		0.1	
38906	389	10		1	1		1	38905	3											2	38906																													1																																1001,1009,1006		1000			0.1
39003	390	1		1			1	38906	3											20	39003		39003_success	1																		1		Q390Target2	50	3	2	2				1																														1001,1009,1006		1000		0.1	
39004	390	2		1			1	39003	3											2	39004																					2		1001		3	2	2				1			15	3	133007228	15	3	133007229	15	3	133007230																			1001,1009,1006		1000		0.1	
39005	390	3	1	1			1	39004	3											20	39005		39005_success	1																		1		Q390Target1	100	3									15	3	133007052	23	3900801	1																								1000		0.1	
39006	390	4	1	1			1	39004	3											20	39006		39006_success	1																		1		Q391Target1	100	3									15	3	133007052	23	3900801	1																								1000			0.1
39007	390	5	1	1			1	39004	3											20	39007		39007_success	1																		1		Q392Target1	100	3									15	3	133007052	23	3900801	1																								1000			0.1
39008	390	6			1		1	39004	3											24	3900801			3																												1																														1001,1009,1006		1000		0.1	0.2
39009	390	7			1		1	39004	3											4	39009																													1		1																																1000		0.1	0.2
39010	390	8					1	99902	3											4																						1		Q390Target1	80	3																																								0.1	0.2
39011	390	9			1		1	99902	3											4	39011																															1																																			0.1
39012	390	10			1	1	1	99902	3		1	39005	3		1	39006	3			4	39007																					1		Q390OrganPos		3						1																																			0.1
39013	390	11					1	99902	3											4																						1		Q390OrganPos		3			1	1		1																																		0.1	0.2
39101	391	1			1		1	99902	3											6	1083																																																																		0.1
39102	391	2					1	99902	3											6	1090																					1		Q391OrganPos		3			1			1																																		0.1	0.2
39103	391	3			1		1	99902	3										2	2	39003				2	39103			2	39203																																																									0.1
39109	391	4			1		1	99902	3											4	39109																																																																		0.1
39110	391	5			1		1	99902	3											4	39110																					1		Q391Target1	80	3																																								0.1	0.2
39104	391	6	1				1	99902	3											4																						1		Q391Target1	80	3																																								0.1	0.2
39105	391	7	1				1	99902	3											4																						1		Q391Target1	80	3																																								0.1	0.2
39106	391	8	1				1	99902	3											4																						1		Q391Target1	80	3																																								0.1	0.2
39111	391	9			1		1	99902	3											4	39111																															1																																			0.1
39107	391	10			1	1	1	99902	3		1	39105	3		1	39106	3			4	39107																					1		Q391OrganPos		3						1																																			0.1
39108	391	11					1	99902	3											4																						1		Q391OrganPos		3			1	1		1																																		0.1	0.2
39201	392	1			1		1	99902	3											6	1084																																																																		0.1
39202	392	2					1	99902	3											6	1091																					1		Q392OrganPos		3			1			1																																		0.1	0.2
39203	392	3			1		1	99902	3										2	2	39003				2	39103			2	39203																																																									0.1
39209	392	4			1		1	99902	3											4	39209																																																																		0.1
39210	392	5			1		1	99902	3											4	39210																					1		Q392Target1	80	3																																								0.1	0.2
39204	392	6	1				1	99902	3											4																						1		Q392Target1	80	3																																								0.1	0.2
39205	392	7	1				1	99902	3											4																						1		Q392Target1	80	3																																								0.1	0.2
39206	392	8	1				1	99902	3											4																						1		Q392Target1	80	3																																								0.1	0.2
39211	392	9			1		1	99902	3											4	39211																															1																																			0.1
39207	392	10			1	1	1	99902	3		1	39205	3		1	39206	3			4	39207																					1		Q392OrganPos		3						1																																			0.1
39208	392	11					1	99902	3											4																						1		Q392OrganPos		3			1	1		1																																		0.1	0.2
39301	393	1					1	39008	3											4	39301																																		15	3	133007029																									1001,1009,1006		1000		0.1	
39302	393	2					1	39301	3											6	1092																					1		Q389VentiPos2		3	2	2				1																														1001,1009,1006		1000		0.1	
39303	393	3			1		1	39302	3											2	39301																													1																																1001,1009,1006		1000			0.1
39401	394	1					1	39303	3											9	2001	38																				1		Q390Look2		3	2	2				1																					2	3	38							1001,1009,1006		1000		0.1	
39404	394	2		1			1	39401	3											9	2002	38											2	19	2001			10	3													1			12	5								14	39401																	1001,1009,1006		1000		0.1	
39402	394	3		1			1	39404	3											3	29010102													19	2002																	1												14	39401																	1001,1009,1006		1000	5	0.1	
39403	394	4		1	1		1	39402	3											4	39403													19	2002															1		1			20	5								14	39401																	1001,1009,1006		1000	5		0.1
39601	396	1		1			1	39403	3											4	39601																															1			15	3	133007183	22	2	0																							1001,1008,1006	1000		0.1	
39602	396	2					1	39601	3											2	39602																					2		1008		1008	2	2				1																														1001,1008,1006		1000		0.1	
39604	396	4			1		1	39602	3											2	39604																													1					1	100165	1																									1001,1008,1006		1000			0.1
39605	396	5					1	99902	3											10	3																																																																		0.1
39606	396	6					1	39605	3											2	39606																																																																		0.1
40701	407	1			1		1	35724	4											2	40702																					2		1105								1																																		0.1	
40702	407	2					1	40701	3										2	13	9				4	40702								8	40702							2		1105																																										0.1	
40703	407	3					1	40702	4											2	40704																					2		1105																																										0.1	
40704	407	4					1	40702	3											2	40705																					2		1105						1		1																																		0.1	
40705	407	5			1		1	40703	3											4	40705													8	40705																													14	40701																					0.1	
40801	408	1			1		1	35724	4											2	40801																					2		1116								1																																		0.1	
40802	408	2			1		1	40801	3											2	40802																					2		1116																																										0.1	
40803	408	3			1		1	40801	3											2	40803																					2		1116																																										0.1	
40804	408	4			1	2	1	40802	3		1	40803	3		1	40803	3			2	40804																					2		1116																																										0.1	
40805	408	5			1		1	40804	3											4	40805													8	40805																													14	40801																					0.1	
40806	408	6			1	2	1	40802	3		1	40803	3		1	40803	3			2	40805																					2		1116																																										0.1	
40807	408	7					1	40806	3											4	40807													8	40807							1		Q408KeyPos																																										0.1	
40808	408	8					1	40807	4											2	40807																					2		1116																																										0.1	
40809	408	9					1	40807	3											2	40808																					2		1116						1																																				0.1	
40810	408	10			1		1	40808	3											4	40810													8	40810																													14	40801																					0.1	
40901	409	1			1		1	35724	4											2	40907																					2		1117								1																																		0.1	
40902	409	2			1		1	40901	3											4	40902													8	40902							2		1117																																										0.1	
40903	409	3					1	40902	4											2	40905																					2		1117																																										0.1	
40904	409	4					1	40902	3											2	40906																					2		1117						1		1																																		0.1	
40905	409	5			1		1	40903	3											4	40905													8	40905																													14	40901																					0.1	
41001	410	1			1		1	35724	4											2	41006																																																																	0.1	0.1
41002	410	2					1	41001	3											5	100114																					1		Q410Medicine																																										0.1	0.1
41003	410	3					1	41002	3											2	41008																					2		1118											1	100114	1																													0.1	0.1
41004	410	4					1	41003	3											2	41009																					2		1119						1																																				0.1	0.1
41601	416	1			1															4	41601																															1																																			0.1
41602	416	2			1		1	41601	3											4	41602																															1			14	41601																															0.1
41603	416	3			1		1	41601	3											4	41603																													1					19	3	133004915,2																														0.1
41801	418	1			1		1	35311	3										2	20			JZ	1	6	1071																																																													0.1
41802	418	2					1	41801	3											20			jianzhong	1																		2		1563								1			22	1005	0																														
41803	418	3					1	41802	3											20			JZFinal	1																		1		DUMMY_POS 3001262		3				1		1																																			
41901	419	1			1		1	41802	3											20			yincang	1																		1		Q418_Sun	20					1		1			15	3	133001109																														0.1
42001	420	1			1		1	41802	3											20			yincang	1																		1		Q418_Sleep	20					1		1			15	3	133001109																														0.1
42201	422	1			1		1	41802	3											20			yincang	1																		1		Q418_Meat	20					1		1			15	3	133001109																														0.1
42301	423	1			1		1	35311	3											6	1074																							Q418_Meat	20																																										0.1
42302	423	1					1	42301	3											7	133001166																													1		1																																			
42401	424	1			1															17	1013																																																																	0.1	0.1
42402	424	2					1	42401	3											2	42403																															1			1	100175	9	1	100176	9	1	100115	9																							0.1	0.1
42403	424	3					1	42402	3											5	100115													8	42403																																																			0.1	0.1
42404	424	6					1	42403	4											4	42404													8	42404																				14	42402								14	42402																					0.1	0.1
42405	424	7					1	42403	3											2	42406																													1		1			1	100175	9	1	100176	9	1	100115	9																							0.1	0.1
42406	424	4					1	42402	3											5	100175																																																																	0.1	0.1
42407	424	5					1	42402	3											5	100176																																																																	0.1	0.1
42501	425	1			1		1	99902	3											17	1015																																																																	0.1	0.1
42502	425	2					1	42501	3											2	42503																															1																																		0.1	0.1
42503	425	3					1	42502	3											4	42503																															1																																		0.1	0.1
42504	425	4					1	42503	3											2	42506																													1																																				0.1	0.1
42601	426	1			1		1	99902	3											4	42601																															1																																		0.1	0.1
42602	426	2			1		1	42601	3											4	42602													8	42602															1					14	42601								14	42601																					0.1	0.1
42801	428	1			1															17	1016																																																																	0.1	0.1
42802	428	2					1	42801	3											4	42802																															1																																		0.1	0.1
42803	428	3					1	42802	3											4	42803																													1		1																																		0.1	0.1
45109	451	1			1	1	1	39604	3		1	48508	3							4	45109																																																														1011	1100		0.2	
45101	451	2				1	1	39604	3		1	48508	3							6	1051																					1		Q451WolfRunStart		3	4	2				1																															1011	1100		0.2	
45102	451	3			1		1	45101	3											2	45101																																																																	0.2	
45107	451	4					1	45102	2											4	45107																					2		1005		3	1	2																																		1011		1100		0.2	
45103	451	5					1	45107	3											20			133004256	1																		1		Q451WolfRunStart	15	3			1			1			19	3	133004256,1																19	3	133004256,2							1011		1100		0.2	
45104	451	6					1	45103	3											2	45103																					2		1011		3	2	2				1	100225	2	19	3	133004266,2																									1011		1100		0.2	
45105	451	7	1				1	45104	3											5	100061			3																												1			19	3	133004266,1																									1011		1100		0.2	
45108	451	8			1	1	1	45104	3		1	45105	2							4	45108																																																																	0.2	
45106	451	9					1	45105	3											2	45106																					2		1011		3	2	2		1					1	100061	3																									1011		1100		0.2	
45201	452	1					1	45106	3											2	45201																					2		1002		3	2	2				1																														1002		1100		0.2	
45202	452	2					1	45201	3											4	45202																					2		1002		3	2	2				1																					7	133002091								1002,1631		1100		0.2	
45203	452	3					1	45202	3										2	2	45202				24	45203		1														2		1002		3	2	2																									7	133002091								1002,1631		1100		0.2	
45206	452	4			1		1	45202	3											7	133002091																																		23	45203	1																													0.2	
45204	452	5				1	1	45203	3		1	45206	2							7	133002091																					1		Q452FightFarmer	30	3			1																																	1002,1631		1100		0.2	
45205	452	6				2	1	45204	3		1	45206	3							2	45203																					2		163101		3	2	2		1		1																														1002,1631		1100		0.2	
45301	453	1					1	45205	3											2	45301																					2		153701		3	2	2				1																														1002,1537,1632,1543		1100		0.2	
45302	453	2					1	45301	3											25	70300071																					1		Q453PawHint	30	3			1																																	1002,1537,1632,1543		1100		0.2	
45307	453	3			1		1	45302	3											2	45307																					2		1005		3	2	2																																		1002,1537,1632,1543		1100		0.2	
45303	453	4					1	45307	3											25	70300072																					1		Q453ToothHint	30	3			1																																	1002,1537,1632,1543		1100		0.2	
45308	453	5			1		1	45303	3											2	45308																					2		1005		3	2	2																																		1002,1537,1632,1543		1100		0.2	
45304	453	6					1	45308	3											25	70300073																					1		Q453HairHint	30	3			1			1																														1002,1537,1632,1543		1100		0.2	
45305	453	7			1		1	45304	3											2	45305																					2		1002		3	2	2																																		1002,1537,1632,1543		1100		0.2	
45306	453	8					1	45305	3											2	45306																					2		154301		3	2	2		1																																1002,1537,1632,1543		1100		0.2	
45407	454	1					1	45306	3											6	1125																					2		1011		3	2	2				1																														1011,1002		1100		0.2	
45401	454	2					1	45407	3											2	45401																					2		1011		3	2	2																																		1011,1002		1100		0.2	
45410	454	3					1	45401	3											25	70300074																					1		Q45411BloodHint	30	3			1																																	1011,1002		1100		0.2	
45411	454	4					1	45410	3											2	45411																					2		1002		3	2	2				1																														1011,1002		1100		0.2	
45412	454	5					1	45411	3											6	1124																					1		Q45413PlayPos		3	4	2	1			1																														1011,1002		1100		0.2	
45413	454	6					1	45412	3											2	45413																					2		1011		3	2	2																																		1011,1002		1100		0.2	
45414	454	7					1	45413	3											6	1120																					1		Q454PlayerTalk		3	4	2	1			1																														1011,1002,154301,163201		1100		0.2	
45408	454	8			1		1	45414	2											6	1121																																																																	0.2	
45409	454	9			1		1	45414	2											6	1122																																																																	0.2	
45415	454	10					1	45414	3											2	45415																					2		1011		3	2	2																																		1011,1002,154301,163201		1100		0.2	
45402	454	11	1				1	45415	3											5	100021			1																		1		Q454GouGouGuo	30	3			1																																	1011,1002,154301,163201		1100		0.2	
45403	454	12					1	45402	3											4	45403																					2		1011		3	2	2							1	100021	1																									1011,1002,154301,163201		1100		0.2	
45404	454	13			1		1	45403	2											4	45404																																																																	0.2	
45416	454	14		1			1	45404	3											4	45416																					1		Q454BossFight		3	4	2	1			1			12	9		19	3	133002259,1																						1011,1002		1100		0.2	
45417	454	15			1		1	45416	3											4	45417																																		19	3	133002259,2																												9	0.2	
45405	454	16		1			1	45416	3											4	45405													8	45405							1		Q454BossFight	50	3	4	2	1						20	9								14	45416		19	3	133002259,2	20	9											1011,1002		1100	9	0.2	
45406	454	17			1		1	45405	3											2	45406																					2		1011		3	3	2		1		1			19	3	133002259,4																									1011,1002		1100		0.2	
46101	461	1					1	30904	3											2	46101																					2		1004		1004	1	2				1			19	3	133003204,2																									1004		1100		0.1	
46102	461	2					1	46101	3											6	1077																					1		Q46102Point		3	4	2							19	3	133003204,1																									1004		1100		0.1	
46109	461	3			1		1	46102	3											2	46102																															1																																			0.1
46103	461	4					1	46109	3											2	46104																					1		Q461NPC	20	3						1																														1409				0.1	
46104	461	5			1		1	46109	3											2	46104																																																																		0.1
46105	461	6			1		1	46109	3										2	2	46105																																																																		0.1
46106	461	7			1		1	46109	3										2	2	46106																																																																		0.1
46107	461	9					1	46103	3											2	46108																					2		1004		3				1		1																														1004		1100		0.1	
46201	462	1					1	46107	3											6	1063																					1		Q462NPC		3	4	2				1			7	133003204																										1213,1525				0.1	
46202	462	2					1	46201	3											7	133003204																					1		Q462NPC	30	3																																				1213,1525				0.1	
46203	462	3					1	46202	3											2	46203																					2		1213		3						1	100171	1																												1213,1525				0.1	
46204	462	4		1	1		1	46203	3											5	100172																															1			15	3	133002202	19	3	133004902,1													19	3	133004902,2							1004					0.1
46210	462	5			1		1	46204	3											2	46204																															1																																			0.1
46205	462	6					1	46203	3											2	46205																																																															1100		0.1	
46208	462	7					1	46205	3											5	100172																					1		Q462Treasure1		3						1																																1100		0.1	
46206	462	8		1	1		1	46204	3											5	100173																													1		1																					19	3	133002173,1							1004					0.1
46207	462	9					1	46204	3											2	46207				2	46207																																																										1100		0.1	
46209	462	10					1	46207	3											5	100173																					1		Q462PuzzleEnd	15	3	4	2				1																																1100		0.1	
46300	463	1					1	46206	3											2	46300																					2		1005		3						1																																		0.1	
46301	463	2					1	46300	3											6	1076																					1		Q463Dungeon		3	4	2				1			2	3	52																										1004	1100		0.1	
46307	463	3			1		1	46301	3											2	46301																																																													1004		1100			0.1
46302	463	4					1	46307	3											6	1064																					1		Q463Dungeon		3	4	2				1																														1004		1100		0.1	
46303	463	5		1	1		1	46302	3											2	46303																																		12	6		19	20016	220016008,2																						1004		1100			0.1
46304	463	6		1			1	46303	3											3	24010101												2	19	2000			10	3																									14	46302																	1004		1100	6	0.1	
46305	463	7		1	1		1	46304	3										2	2	46305				2	46306																								1					1	100171	1	1	100172	1	1	100173	1																			1004		1100	6		0.1
46306	463	8			1		1	46302	3											4																																			15	20016	220016003																														0.1
46308	463	9			1		1	46304	3										2	2	46305				2	46306																								1					17	3	52																														0.1
46401	464	1				1	17	18			1	39604	3							2	46401																					2		1465		1009	1	2																																		1465		1100		0.2	
46402	464	2					1	46401	3											2	46402																					1		Q464Square	50	3																																					1005,1431,1423,1435,1401,1403,1425,1417,1405,1455,1461,1463,1419,1469,1437	1100		0.2	
46403	464	3					1	46402	3											2	46403																					1		Q464Smithy	50	3																																					1005,1439,1423,1435,1401,1403,1425,1417,1405,1455,1461,1463,1419,1469,1437	1100		0.2	
46404	464	4					1	46403	3											2	46404																					1		Q464Flower	50	3																																				1005,1427,1423,1435,1401,1403,1425,1417,1405,1455,1461,1463,1419,1469,1437,1431,1439,1447,1441		1100		0.2	
46405	464	5					1	46404	3											18	0		18,6																													1																														1447,1441				0.2	
46406	464	6		1			1	46405	3											6	1072													18	0	6,18						1		Q464Backdoor	30	3			1															14	46405																	1009,1447,1441,1569		1100		0.2	
46407	464	7		1			1	46406	3											2	46405																					2		1009		3	2	2				1																														1009,1505,1506,1507,1447,1441,1569		1100		0.2	
46408	464	8					1	46407	3											20			133004247	6										8	46408							1		Q464Backdoor		3			1			1												14	46405		19	3	133004247,1				19	3	133004247,2							1218,1447,1441,1433,1569		1100		0.2	
46409	464	9					1	46408	3											2	46412																					2		1218		3	2	2		1		1																														1218,1447,1441,1433,1569		1100		0.2	
46501	465	1					1	99902	3											18	0		6,18																																																																0.1
46502	465	2					1	99902	3											17	1004																					1		QuestKnighthood		3																																									0.1
46503	465	3					1	46409	3											2	46501																					2		1218		3	2	2				1	100214	1																												1218		1100		0.2	
46522	465	4					1	99902	3											2	46519																					2		1005		3	2	2																																							0.1
46504	465	5					1	46503	3											17	1018																					1		Q465DilucTemp1		3						1																														1009		1100		0.2	
46505	465	6					1	46504	3											2	46502																					2		1009		1018	2	2				1																														1009		1100		0.2	
46506	465	7					1	46505	3											6	1078																					1		Q465DilucDungeonDoor		3																																				1009		1100		0.2	
46507	465	8					1	46506	3											2	46503																					2		1009		3	2	2				1																														1009		1100		0.2	
46508	465	9					1	46507	3											9	2003	22																				1		Q465DilucDungeonDoor		3						1			1	100174	1	12	4																							1009		1100		0.2	
46509	465	10		1			1	46508	3											20			DLK_Finish	1										19	2003																													14	46508																	1009		1100	4	0.2	
46525	465	11		1	1		1	46509	3											10	3													19	2003																																																		4		0.1
46510	465	12					1	46509	3											2	46504													19	2003							2		1009		20019	2	2	1			1												14	46508																	1009,1219		1100	4	0.2	
46514	465	13					1	99902	3											2	46509													19	2003																													14	46508																	1009,1219		1100		0.2	
46515	465	14			1		1	99902	2											4	46515													19	2003																													14	46508																					0.2	
46516	465	15			1		1	99902	2											4	46516													19	2003																													14	46508																					0.2	
46517	465	16			1		1	99902	2											4	46517													19	2003																													14	46508																					0.2	
46518	465	17			1		1	99902	3											2	46513													19	2003																													14	46508																					0.2	
46519	465	18			1		1	99902	3											2	46514													19	2003																													14	46508																					0.2	
46523	465	19			1	2	1	99902	2		1	46519	2							4	46523													19	2003																													14	46508																					0.2	
46520	465	20					1	99902	3											3	22010301			1										19	2003																				14	46510		19	20019	220019007,1				14	46508								19	20019	220019007,2											0.2	
46511	465	21		1			1	46510	3											10	3																															1			1	100174	1	20	4																							1009		1100	4	0.2	
46524	465	22					1	46511	3											2	46520																					2		1009		3	2	2				1																														1009		1100		0.2	
46512	465	23					1	99902	3											17	1004																					1		QuestKnighthood		3																																									0.1
46513	465	24					1	46524	3											2	46505																					2		1218		3	2	2		1		1																														1218,1004,1009		1100		0.2	
46521	465	25					1	99902	3											2	46518																					2		1005		3	2	2		1		1																																			0.1
46601	466	1					1	46513	3											17	1018																					1		Q465DilucTemp1		3																																				1009		1100		0.2	
46602	466	2					1	46601	3											2	46601																					2		1009		1018	2	2				1																														1009		1100		0.2	
46603	466	3					1	46602	3										2	10	3				6	1080																1		Q466LeaveChateau		1018									19	3	133002233,1																									1009				0.2	
46621	466	4	1				1	46603	3											5	100052			4																												1																														1009,1529				0.2	
46622	466	5					1	46621	3											2	46609																					2		1009		3	2	2				1			1	100052	4																									1009,10022		1100		0.2	
46604	466	6					1	46622	3											25	70300052			1																		1		Q466LureGuide1		3	2	1				1																														1009		1100		0.2	
46605	466	7					1	46604	3											2	46602																					2		1009		3	2	2				1			19	3	133002035,2;133002227,2																19	3	133002035,1;133002227,1							1009		1100		0.2	
46606	466	8					1	46605	3											20			3002035	1										20		133002227	1					1		Q466Protect	25	3			1						19	3	133002035,1	19	3	133002227,1				14	46604		19	3	133002035,1;133002227,1													1009		1100		0.2	
46607	466	9					1	46606	3											2	46603																					2		1009		3	2	2				1																														1009		1100		0.2	
46608	466	10					1	46607	3											17	1009																					1		QuestBarEnter		3						1																					10	0		19	3	133004118,1				1009,1218,1465		1100		0.2	
46609	466	11					1	46608	3											18	0		19,6										2	8	46609			10	3																10	1								14	46608																	1009,1218,1465		1100		0.2	
46610	466	12		1			1	46609	3											2	46604												2	8	46610			10	3			2		1009		1009	2	2				1												14	46608																	1009,1218,1465,1433,1569		1100		0.2	
46620	466	13		1			1	46610	3											10	3													8	46620							1		Q466Lure2		3																		14	46608																	1009,1218,1465,1433,1569		1100		0.2	
46611	466	14		1			1	46620	3											25	70300052			1										8	46611							1		Q466LureGuide2		3	2	1							1	100177	1							14	46608																	1009,1218,1465,1433,1569		1100		0.2	
46619	466	15			1		1	99902	3											4																																			14	46610																															0.1
46612	466	16		1	1		1	46611	3											17	1009													8	46612							1		QuestBarEnter		3			1															14	46608																	1009,1218,1465,1433,1569		1100			0.1
46625	466	17			1		1	99902	3											6	1171																															1			14	46625																												1100			0.1
46613	466	18		1			1	46612	3											2	46605												2	8	46613			10	3			2		1009		1009	2	2				1												14	46608																	1009,1218,1465,1433,1569		1100		0.2	
46614	466	19		1			1	46613	3											6	1081													8	46614							1		Q354Gate		3	4					1												14	46608								19	3	133004118,1							1009,1218,1465,1433,1569,1437		1100		0.2	
46623	466	20		1	1		1	46614	3											4	46623													8	46623							1		Q354Gate		3			1						12	4		19	3	133004118,2				14	46608																	1009,1218,1465,1433,1569,1437		1100			0.1
46615	466	21		1			1	46623	3											20			133004118	13										8	46615							1		Q466Monster4		3			1															14	46608																	1009,1218,1465,1433,1569,1437		1100	4	0.2	
46624	466	22		1	1		1	46615	3											4	46624													8	46624																				20	4								14	46608		20	4														1009,1218,1465,1433,1569,1437		1100	4		0.1
46616	466	23		1			1	46624	3											2	46606													8	46616							2		1009		3	2	2				1												14	46608																	1009,1218,1523,1465,1433,1569,1437		1100		0.2	
46617	466	24		1			1	46616	3											17	1009													8	46617							1		QuestBarEnter		3																		14	46608																	1009,1218,1523,1465,1433,1569,1437		1100		0.2	
46618	466	25		1			1	46617	3											2	46607												2	8	46618			10	3			2		1009		1009	3	2		1		1			10	0								14	46608																	1009,1218,1004,1523,1465,1433,1569,1437		1100		0.2	
46701	467	1			1		1	36004	3											6	1093																															1																															1479	1100			0.1
46702	467	2			1		1	46701	3											2	46701																															1	100064	2																													1479	1100			0.1
46703	467	3			1		1	46702	3											22			46703,46711,46712,46713																											1		1																															1479	1100			0.1
46801	468	1			1															2	46802																															1																																			0.1
46802	468	2			1		1	46801	3											20			133002225	1										20		133002226	1													1					19	3	133002225,2	19	3	133002143,2				14	46801		19	3	133002225,2				19	3	133002225,1												0.1
46904	469	1			1	1	1	35104	3		2	31101	3							5	107001	1												2	30902																																																				0.1
46901	469	1			1	2	1	31101	3		1	46904	3							6	1096																					1		Q469Paimon1		3			1																																						0.1
46902	469	2				2	1	31101	3		1	46904	3							109	2		3,1																			1		Q469Paimon1		3			1	1																																				0.1	
46903	469	3					1	99902	3										2	2	46901				2	46902																2		1486		3	2	2		1		1																																		0.1	
47101	471	1			1	1	1	46902	3		2	46904	3							4	47101																													1		1																																			0.1
47102	471	2			1	1	1	46902	3		1	46904	3							4	47102																													1		1																																			0.1
47001	470	1			1		1	35901	3											6	1106																																																																		0.1
47002	470	2			1		1	47001	3											2	47001																																																																		0.1
47003	470	3			1		1	47002	3											5	108002																															1																																			0.1
47004	470	4			1		1	47003	3											2	47002																													1		1																																			0.1
48101	481	1				1	17	8			1	30904	3							2	48101																					2		1002		3	1	2		1		1	100224	1																												1002		1080		0.2	
48102	481	2					1	99902	3											24	48102			1																												1																																			0.1
48103	481	3					1	99902	3											4	48103																															1			23	48102	1																														0.1
48104	481	4					1	99902	3											2	48104																															1																																		0.2	
48105	481	5					1	99902	3											4	48105																															1																																		0.2	
48106	481	6					1	99902	3											2	48106																															1																																		0.2	
48005	480	1		1			1	48101	3											4	48005																					1		Q48001Ambor		3	4					1																					19	3	133001231,2							1002		1080		0.2	
48001	480	2					1	48005	3											2	48001																					2		1002		3	2	2				1																					19	3	133001231,2							1002		1080		0.2	
48002	480	3		1			1	48001	3											4	48002													8	48002																	1																														1002		1080		0.2	
48003	480	4					1	48002	4											2	4800302																					2		1002		3	2	2				1			14	48002																	19	3	133001231,2							1002		1080		0.2	
48004	480	5					1	48002	3											2	48004																					2		1002		3	3	2		1		1																														1002		1080		0.2	
48201	482	1					1	99902	3											4	48201																					1		Q48202Ambor		3						1																															1002	1100		0.2	
48202	482	2					1	48201	3											2	48202																					2		1002		3	2	2				1																														1002		1100		0.2	
48203	482	3					1	48202	3											4	48203																															1																														1002		1100		0.2	
48209	482	4					1	48203	3											7	201015001												2	8	48209			21																																			19	1015	201015001,1							1002		1100		0.2	
48207	482	5					1	48209	4											4	48207																															1																														1002		1100		0.2	
48204	482	6					1	48207	3											2	4820403																					2		1002		3	2	2				1			14	48203																										1002		1100		0.2	
48208	482	7					1	48209	3											4	48208																															1																														1002		1100		0.2	
48205	482	8					1	48208	3											2	48205																					2		1002		3	2	2		1		1																														1002		1100		0.2	
42709	427	1		1			1	48004	3											4	42709																					1		Ambor_FlyBegin		3	4					1																														1002		1080		0.2	
42701	427	2					1	42709	3											2	42702																					2		1002		3	2	2				1																														1002		1080		0.2	
42702	427	3		1			1	42701	3											4	42702													8	42702																	1																														1002		1080		0.2	
42703	427	4					1	42702	4											2	4270303																					2		1002		3	2	2				1			14	42702																										1002		1080		0.2	
42704	427	5					1	42702	3											2	42704																					2		1002		3	2	1				1																														1002		1080		0.2	
42705	427	6		1			1	42704	3											4	42705													8	42705																	1																														1002		1080		0.2	
42706	427	7					1	42705	4											2	4270602																					2		1002		3	2	2				1			14	42705																										1002		1080		0.2	
42707	427	8					1	42705	3											4	42707																					1		Q427Land		3	4	1				1																														1002		1080		0.2	
42708	427	9			1		1	42707	3											2	42708																													1		1																														1002		1080		0.2	
48401	484	1					1	42708	3											4	48401																					1		Q484Ambor		3	4					1																														1002		1080		0.2	
48402	484	2					1	48401	3											2	48402																					2		1002		3	2	2				1																					18	100210:1,100211:1,100212:1								1002		1080		0.2	
48403	484	3	1	1			1	48402	3											25	70700007																					1		Q48403	15	3						1																																			0.1
48404	484	4			1	1	1	48403	3		2	48407	3							18	0		0,24																													1																																			0.1
48405	484	5	1				1	48402	3										2	25	70700008				4	48405																1		Q48405	15	3						1																																			0.1
48406	484	6			1		1	48405	3											18	0		0,24																													1																																			0.1
48407	484	7	1	1			1	48402	3											25	70700009																					1		Q48407	15	3						1																																			0.1
48408	484	8			1	1	1	48407	3		2	48403	3							18	0		0,24																													1																																			0.1
48433	484	9			1		1	48402	3											4	48433																															1																																			0.1
48409	484	10			1	1	1	48407	3		1	48403	3		1	48404	3			2	48409																															1																																			0.1
48410	484	11			1	1	1	48407	3		1	48403	3		1	48408	3			2	48410																															1																																			0.1
48411	484	12	1				1	48402	3										2	2	48409				2	48410																										0																														1002		1080		0.2	
48412	484	13			1		1	99902	3											2	4840904																															0																																			0.1
48413	484	14			1		1	48412	3											4	48413																					1		Q48412	30	3						1																																			0.1
48414	484	15			1		1	48413	3											4	48414																					1		Q48413		3						1																																			0.1
48424	484	16			1		1	48402	3										2	2	48409				2	48410																										0																																			0.1
48425	484	17			1		1	48411	3											18	0		0,24																													1																														1002		1080			0.1
48426	484	18			1		1	99902	3											22			48423,48424,48429,48432																			2		1257		3	2	2				1																																			0.1
48427	484	19			1		1	99902	3											22			48425,48426,48430,48433																			2		1258		3	2	2				1																																			0.1
48428	484	20			1		1	99902	3											22			48427,48428,48431,48434																			2		1259		3	2	2				1																																			0.1
48429	484	21			1	1	1	48426	3		1	48427	3		1	48428	3			4	48429																															1																																			0.1
48430	484	22			1		1	99902	3											4	48430																					1		Q484Zone2	40	3						1																																		0.2	
48431	484	23					1	48425	3											7	133002305																					1		Q48413	20	3	2	2	1			1																					19	3	133002305,2							1002		1080		0.2	
48432	484	24					1	48431	3											2	48435																					2		1256		3	2	2				1																														1002		1080		0.2	
48415	484	25				2	1	48414	3		1	48432	3							4	48414																					1		Q48414	20	3						1																														1002		1080		0.2	
48416	484	26					1	48415	3											20			133002255	1																		1		Q48414	20	3						1																					19	3	133002255,2							1002		1080		0.2	
48417	484	27			1		1	48416	3											18	0		0,24																			1		Q48415Mon2		3						1																														1002		1080			0.1
48418	484	28					1	48417	3											4	48417																					1		Q484Print1	20	3						1																														1002		1080		0.2	
48419	484	29					1	48418	3											4	48418																					1		Q484Print2	20	3																																				1002		1080		0.2	
48420	484	30					1	48419	3											4	48419																					1		Q484Print3	20	3																																				1002		1080		0.2	
48421	484	31					1	48420	3											4	48420																					1		Q484Print4	20	3																																				1002		1080		0.2	
48422	484	32					1	48421	3											4	48421																					1		Q484Print5	20	3																																				1002		1080		0.2	
48423	484	33					1	48422	3											2	48422																													1		1			2	3	102																									1002		1080		0.2	
48501	485	1		1			1	48423	3											9	2007	102																				1		Q485Entrance		3	4	2				1																					19	3	133002807,2							1002		1080		0.2	
48511	485	2		1			1	48501	3											2	48511													19	2007																	1												14	48501																	1002		1080		0.2	
48509	485	3		1			1	48511	3											7	201015003													19	2007																	1												14	48501																	1002		1080		0.2	
48512	485	4		1	1		1	48509	3											4	48512													19	2007																	1												14	48501																	1002		1080			
48510	485	5		1	1		1	48512	3											9	2006												2	19	2007			10	3													1			12	8								14	48501																	1002		1080	8	0.2	
48502	485	6		1			1	48510	3											4	48502													19	2006							1		Q48503Ambor		1016			1			1												14	48501		20	8														1002		1080	8	0.2	
48503	485	7		1			1	48502	3											2	48503													19	2006							2		1002		1016	2	2				1												14	48501		20	8														1002		1080	8	0.2	
48504	485	8		1			1	48503	3											4	48504													19	2006							1		Q48504Area		1016	2	1				1												14	48501		20	8														1002		1080	8	0.2	
48505	485	9		1			1	48504	3											7	201016005													19	2006																	1												14	48501		20	8														1002		1080	8	0.2	
48506	485	10		1			1	48505	3											2	48506													19	2006							2		1002		1016	2	2				1			20	8		17	3	102				14	48501		20	8														1002		1080	8	0.2	
48507	485	11					1	48506	3											17	1008																					1		Q48508Ambor		1008						1																					19	3	133002807,1							1002		1080		0.2	
48508	485	12					1	48507	3											2	48508																					2		1002		1008	2	2		1		1	100236	1																												1002		1080		0.2	
99301	993	1					1	99902	3											17	1023																															1																																			
99302	993	2					1	99301	3											4	99302													8	99302																	1																																			
99303	993	3					1	99302	4											4	99303																															1			14	99302																															
99304	993	4					1	99302	3											4	99304																													1		1																																			
99401	994	1					1	99902	3											4																														1		1																																		0.1	0.1
99501	995	1					1	99902	3											4																						1		QuestChurchMark								1																																		0.1	0.1
99502	995	2					1	99501	3											4																						1		QuestChurchMark								1																																		0.1	0.1
99601	996	1					1	99902	3											4																						1		QuestChurchMark								1																																		0.1	0.1
99602	996	2					1	99601	3											4																						1		QuestChurchMark						1		1																																		0.1	0.1
99701	997	1					1	99902	3											2	99701																													1																																				0.1	0.1
99801	998	1					1	35724	4											2	99801																					1		Q351FirstClimb	50							1																																		0.1	0.1
99802	998	2					1	99801	3											4	99802													8	99802							1		Q351FirstClimb	100																																									0.1	0.1
99803	998	3					1	99802	3											2	99802												2	2	99803			5	100210													1												14	99801																					0.1	0.1
99804	998	4					1	99803	3											4	99804													8	99804																																																			0.1	0.1
99805	998	5					1	99804	3											2	99804													2	99805															1		1												14	99803																					0.1	0.1
99901	999	1					1	35724	4											2	99902																																																																	0.1	0.1
99902	999	2					1	99901	3											2	99908																													1																																				0.1	0.1
1010001	10100	1				1	17	13			1	30904	3							6	1107																					1		Q10100_Target		1004	2	2																																			1007	1100			0.1
1010002	10100	2					1	1010001	3											2	1010001																					2		1007		1004	2	2																																		1007		1100			0.1
1010003	10100	3					1	1010002	3											2	1010003																					2		1007		3	2	2				1																														1007		1100			0.1
1010019	10100	4			1		1	1010002	3											2	1010045																																																																		0.1
1010010	10100	5					1	1010003	3											2	1010045																					2		1435		3	2	2																																		1007		1100			0.1
1010011	10100	6			1		1	1010002	3											2	1010017																																																																		0.1
1010012	10100	7			1		1	1010002	3											2	1010018																																																																		0.1
1010013	10100	8			1		1	1010002	3											2	1010019																																																																		0.1
1010014	10100	9			1		1	1010002	3											2	1010040																																																																		0.1
1010015	10100	10			1		1	1010002	3											2	1010011																																																																		0.1
1010016	10100	11			1		1	1010002	3											2	1010042																																																																		0.1
1010017	10100	12			1		1	1010002	3											2	1010013																																																																		0.1
1010018	10100	13			1		1	1010017	3											2	1010042																																																																		0.1
1010004	10100	14					1	1010010	3											2	1010004																					2		1419		3	2	2				1																														1007		1100			0.1
1010005	10100	15					1	1010004	3											22			1010083,1010084,1010085,1010086,1010087																			2		1007		3	2	2																																		1007		1100			0.1
1010021	10100	16			1		1	1010004	3											2	1010083																																																																		0.1
1010022	10100	17			1		1	1010004	3											2	1010084																																																																		0.1
1010023	10100	18			1		1	1010004	3											2	1010085																																																																		0.1
1010024	10100	19			1		1	1010004	3											2	1010086																																																																		0.1
1010025	10100	20			1		1	1010004	3											2	1010087																																		1	108018	1																														0.1
1010026	10100	21			1		1	1010004	3											2	1010023																																																																		0.1
1010027	10100	22			1		1	1010004	3											2	1010005																																																																		0.1
1010028	10100	23			1		1	1010004	3											4	1010028																																																																		0.1
1010029	10100	24			1		1	1010004	3											22			1010026,1010027,1010028,1010029,1010035																																																																0.1
1010006	10100	25					1	1010005	3											4	1010006																																																													1007		1100			0.1
1010007	10100	26					1	1010006	3											2	1010007																					2		1419		3	2	2																																		1007		1100			0.1
1010030	10100	27					1	99902	3											18	0		6,19																													1																														1007		1100			0.1
1010008	10100	28					1	1010007	3											2	1010067																					2		1427		3	2	2				1																														1007		1100			0.1
1010038	10100	29			1		1	1010007	3											2	1010008																																																																		0.1
1010031	10100	30			1		1	1010007	3											2	1010062																																																																		0.1
1010032	10100	31			1		1	1010007	3											2	1010063																																																																		0.1
1010033	10100	32			1		1	1010007	3											2	1010064																																																																		0.1
1010034	10100	33			1		1	1010007	3											2	1010065																																																																		0.1
1010035	10100	34			1		1	1010007	3											2	1010059																																																																		0.1
1010036	10100	35			1		1	1010007	3											2	1010061																																																																		0.1
1010037	10100	36			1		1	1010007	3										1	2	1010053				2	1010054																																																													0.1
1010044	10100	37					1	1010008	3											25	70700005																					1		Q1010009Lisa	60	3																																				1007		1100			0.1
1010009	10100	38					1	1010044	3											2	1010009																					2		1427		3	2	2		1		1																														1007		1100			0.1
1010117	10101	1					1	1010009	3											25	70700005																					1		Q10101Target1	60	3						1																					19	3	133003473,2								1007	1100			0.1
1010118	10101	2					1	1010117	3											25	70700005																					1		Q10101Target2	60	3						1																														1007		1100			0.1
1010119	10101	3					1	1010118	3											25	70700005																					1		Q10101Target3	60	3						1																					17	3	89							1007		1100			0.1
1010120	10101	4			1		1	1010119	3											2	1010120																																																													1007		1100			0.1
1010101	10101	5					1	1010120	3											4	1010101																					1		Q10101BookRoute2	120	3																																				1007		1100			0.1
1010102	10101	6			1		1	1010120	3											6	1108																																																																		0.1
1010103	10101	7			1		1	1010102	3											6	1109																																																																		0.1
1010104	10101	8			1		1	1010103	3											6	1110																																																																		0.1
1010105	10101	9			1		1	1010104	3											6	1111																																																																		0.1
1010106	10101	10			1		1	1010105	3											6	1112																																		19	3	133003473,1																														0.1
1010114	10101	11			1		1	1010106	3											2	1010107																																																																		0.1
1010121	10101	12			1		1	1010103	3											4	1010121																																		2	3	89																									1007		1100			0.1
1010107	10101	13					1	1010114	3											9	1002	89																				1		Q10101Target		3	4					1			12	10																										1007		1100			0.1
1010111	10101	14		1			1	1010107	3											20			LisaKey1											19	1002																	1												14	1010107																	1007		1100	10		0.1
1010113	10101	15		1			1	1010111	3											3	22010201													19	1002																	1												14	1010107																	1007		1100	10		0.1
1010112	10101	16		1	1		1	1010113	3											2	1010112													19	1002																	1												14	1010107																	1007		1100	10		0.1
1010116	10101	17		1			1	1010112	3											5	100215													19	1002																	1												14	1010107																	1007		1100	10		0.1
1010108	10101	18		1	1		1	1010116	3										2	2	1010108				10	3								19	1002																	1			17	3	89							14	1010107		1	100215														1007		1100	10		0.1
1010122	10101	19		1	1		1	1010107	3											10	3																																		20	10																															0.1
1010109	10101	20					1	1010108	3											6	1107																					1		Q10100_Target		1004	2					1			19	1004	201004003,2																									1007		1100			0.1
1010110	10101	21			1		1	1010109	3											2	1010110																																																													1007		1100			0.1
1010115	10101	22					1	1010110	3											5	100223																					1		Q10101Book		1004	2			1		1																														1007		1100			0.1
2500001	25000	1			1		17	25												112				25																										1																																					0.1
2500101	25001	1				1	1	2500001	3		17	25								9	2008	48																				1		Q25001Target		3	2	2				1																																		0.2	
2500102	25001	2				1	1	2500101	3		17	25								11	2008	48												19	2008															1														14	2500101																					0.2	
2500201	25002	1			1		1	99902	3											112				30																										1																																					0.1
2500301	25003	1				1	1	99902	3		17	30								9	2010	48																				1		Q25003Target		3	2	2				1																																		0.2	
2500302	25003	2				1	1	99902	3		17	30								11	2010	48												19	2010															1														14	2500301																					0.2	
2500401	25004	1			1		17	35												112				35																										1																																					0.1
2500501	25005	1				1	1	2500401	3		17	35								9	2012	48																				1		Q25005Target		3	2	2				1																																		0.2	
2500502	25005	2				1	1	2500501	3		17	35								11	2012	48												19	2012															1														14	2500501																					0.2	
2500601	25006	1			1		1	99902	3											112				40																										1																																					0.1
2500701	25007	1				1	1	99902	3		17	40								9	2012	48																				1		Q25007Target		3	2	2				1																																		0.2	
2500702	25007	2				1	1	99902	3		17	40								11	2012	48												19	2012															1														14	2500701																					0.2	
2500801	25008	1			1		17	45												112				45																										1																																					0.1
2500901	25009	1				1	1	2500801	3		17	45								9	2014	48																				1		Q25009Target		3	2	2				1																																		0.2	
2500902	25009	2				1	1	2500901	3		17	45								11	2014	48												19	2014															1														14	2500901																					0.2	
2501001	25010	1			1		1	99902	3											112				50																										1																																					0.1
2501101	25011	1				1	1	99902	3		17	50								9	2014	48																				1		Q25009Target		3	2	2				1																																		0.2	
2501102	25011	2				1	1	99902	3		17	50								11	2014	48												19	2014															1														14	2501101																					0.2	
2501201	25012	1			1		1	99902	3											112				55																										1																																					0.1
2501301	25013	1				1	1	99902	3		17	55								9	2015	48																				1		Q25009Target		3	2	2				1																																		0.2	
2501302	25013	2				1	1	99902	3		17	55								11	2015	48												19	2015															1														14	2501301																					0.2	
