子任务ID	父任务ID	序列	子任务组	禁止进入联机	显示状态	[领取条件]组合	[领取条件]1类型	[领取条件]1参数1	[领取条件]1参数2	[领取条件]1参数3	[领取条件]2类型	[领取条件]2参数1	[领取条件]2参数2	[领取条件]2参数3	[领取条件]3类型	[领取条件]3参数1	[领取条件]3参数2	[领取条件]3参数3	[完成条件]组合	[完成条件]1类型	[完成条件]1参数1	[完成条件]1参数2	[完成条件]1复杂参数	[完成条件]1次数	[完成条件]2类型	[完成条件]2参数1	[完成条件]2复杂参数	[完成条件]2次数	[完成条件]3类型	[完成条件]3参数1	[完成条件]3复杂参数	[完成条件]3次数	[失败条件]组合	[失败条件]1类型	[失败条件]1参数1	[失败条件]1复杂参数	[失败条件]1次数	[失败条件]2类型	[失败条件]2参数1	[失败条件]2复杂参数	[失败条件]2次数	[任务指引]类型	[任务指引]自动开启或关闭	[任务指引]参数1	[任务指引]参数2	[任务指引]场景ID	[任务指引]样式	[任务指引]显示层级	场景内指引	完成父任务	失败父任务	是存档点	[任务道具]ID	[任务道具]数量	[执行]1类型	[执行]1参数1	[执行]1参数2	[执行]2类型	[执行]2参数1	[执行]2参数2	[执行]3类型	[执行]3参数1	[执行]3参数2	[失败执行]1类型	[失败执行]1参数1	[失败执行]1参数2	[失败执行]2类型	[失败执行]2参数1	[失败执行]2参数2	[失败执行]3类型	[失败执行]3参数1	[失败执行]3参数2	[开始执行]1类型	[开始执行]1参数1	[开始执行]1参数2	[开始执行]2类型	[开始执行]2参数1	[开始执行]2参数2	独占NPC	共享NPC	独占优先级	试用角色列表	$#VersionBegin	$#VersionEnd
48601	486	1				1	1	39604	3		1	1020204	3		1	46618	3			6	1113																					2		1419		3	1	2				1																											1419,141901				0.2	
48602	486	2					1	48601	3											2	48602																					2		1419		3	1	2																															1419,141901				0.2	
48603	486	3					1	48602	3											2	48603																					2		10030		3	2	2				1																															0.2	
48604	486	4					1	48603	3											6	1114																					1		Q48607Qin		1004	4	2				1																											1006,1008				0.2	
48605	486	5			1		1	48604	3											2	48605																															1																															0.2	
48606	486	6					1	48605	3											6	1116																					1		Q48607Qin		1004	4	2				1																											1006,1008				0.2	
48607	486	7			1		1	48606	3											2	48607																															1																															0.2	
48608	486	8					1	48607	3											2	48608																															1																											1006,1008				0.2	
48609	486	9					1	48608	3											6	1115																					1		Q48610Kaeya		3	4	2				1																											1004				0.2	
48610	486	10			1		1	48609	3											2	48610																															1																											1004				0.2	
48611	486	11					1	48610	3											2	48701																					2		10031		3	2	2				1																															0.2	
48612	486	12					1	48610	3											2	48800																					2		10030		3	2	2				1																															0.2	
48613	486	13					1	48610	3											2	48901																					2		1419		3	2	2				1																															0.2	
48616	486	14			1		1	48610	3										2	2	48710				2	48703																2		10031		3	2	2				1																															0.2	
48617	486	15			1		1	48610	3											2	48803																					2		10030		3	2	2				1																															0.2	
48618	486	16			1		1	48610	3										2	2	48905				2	48906																2		1419		3	2	2				1																															0.2	
48614	486	17			1		1	48610	3											4	48614																															1																															0.2	
48619	486	18				1	1	48611	3		1	48612	3		1	48613	3			4	48619																															1																															0.2	
48615	486	19			1	1	1	48616	3		1	48617	3		1	48618	3			4	48615																													1		1																															0.2	
48701	487	1			1		1	48610	3											2	48701																					2		10031		3	2	2				1	100084	5																			19	3	133004910,6				1431				0.2	
48711	487	2					1	48701	3										2	2	48711				2	48701			4	48711												2		10031		3	2	2				1																					19	3	133004910,6				1431				0.2	
48702	487	3					1	48711	3										2	2	48702				20		13300491001	1	4	48702				8	48702							2		10031		3	2	2																14	48711		32						19	3	133004910,1	31	0		1431				0.2	
48704	487	4			1		1	48711	3											6	1145																							10031																																							0.2	
48705	487	5			1		1	48711	3											20			133004910	1																				10031											19	3	133004910,6																										0.2	
48706	487	6			1		1	48705	3											2	48705																							10031											19	3	133004910,2																										0.2	
48707	487	7			1		1	48706	3											20			133004910	1																				10031											19	3	133004910,3																										0.2	
48708	487	8			1		1	48707	3											20			133004910	1																				10031											19	3	133004910,4																										0.2	
48709	487	9			1		1	48708	3											20			133004910	1																				10031											19	3	133004910,5																										0.2	
48712	487	10			1		1	48709	3											2	48712																																																														0.2	
48710	487	11					1	48712	3											2	48710																					2		10031		3	2	2		1		1			19	3	133004910,6																19	3	133004910,5	32			1431				0.2	
48703	487	12				1	1	48702	3		2	48709	3						2	2	48703				2	48710																2		10031		3	2	2		1		1			19	3	133004910,6																19	3	133004910,7	32			1431				0.2	
48800	488	1			1		1	48610	3											2	48800																					2		153501		3	2	2				1																											1465,146501				0.2	
48801	488	2					1	48800	3											2	48801																					2		153501		3	2	2				1			15	3	133002256																19	3	133002256,2				1535,153501				0.2	
48802	488	3					1	48801	3											20			133002256	1										20		1330022561	1																																														0.2	
48804	488	4			1		1	48802	4											4	48804																																		19	3	133002256,1	14	48801																								0.2	
48803	488	5					1	48802	3											2	48803																					2		153501		3	2	2		1		1			19	3	133002256,3																						1535,153501				0.2	
48901	489	1			1		1	48610	3											2	48901																					2		1419		3	2	2				1																											1419,141901				0.2	
48902	489	2					1	48901	3											27	4																					2		1419		3	2	2				1																					28	4					1419,141901				0.2	
48909	489	3			1		1	48902	3											2	48902																					2		1419		3						1																											1419,141901				0.2	
48903	489	4					1	48909	3										2	2	48903				2	48904																2		1419		3	2	2				1	109205	1																			28	5					1419,141901				0.2	
48910	489	5			1		1	48909	3											27	5	3																				2		1419		3						1																															0.2	
48911	489	6			1		1	48909	3											27	5	4																				2		1419		3						1																															0.2	
48905	489	7			1		1	48910	3											2	48903																					2		1419		3						1																															0.2	
48906	489	8			1		1	48911	3											2	48904																					2		1419		3						1																															0.2	
48904	489	9					1	48903	3										2	2	48905				2	48906																2		1419		3	2	2		1		1																					28	6					1419,141901				0.2	
48912	489	10			1		1	48903	3											27	6	5																				2		1419		3						1																															0.2	
48913	489	11			1		1	48903	3											27	6	6																				2		1419		3						1																															0.2	
48907	489	12			1		1	48912	3											2	48905																					2		1419		3						1																															0.2	
48908	489	13			1		1	48913	3											2	48906																					2		1419		3						1																															0.2	
49001	490	1					1	48615	3											2	49001																					2		1008		1008	2	2				1																											1008,1006				0.2	
49002	490	2					1	49001	3											6	1118																					2		1006		3	2	2				1																											1006				0.2	
49003	490	3			1		1	49002	3											2	49003																																		2	3	119																										0.2	
49004	490	4			1		1	49003	3											6	1119																					1		Q49004Point		3						1			2	3	119																										0.2	
49011	490	5		1			1	49003	3											9	1008	20																				1		Q49004Point		3	2	2				1																											1006				0.2	
49013	490	6		1	1		1	49011	3											20			220022013	1																												1																															0.2	
49012	490	7		1	1		1	49013	3											2	49012																															1			12	7		39																								7	0.2	
49005	490	8		1			1	49011	3											20			220022007	1									2	19	1008			10	3													1			20	7								14	49011														1006			7	0.2	
49006	490	9		1	1		1	49005	3											2	49006												2	19	1008			10	3													1			17	3	119							14	49011														1006				0.2	
49007	490	10					1	49006	3											2	49007																					2		1437		3	2	2				1																											1006				0.2	
49008	490	11					1	49007	3											17	1009																					1		Q49008Quest		1009	4	2				1																					19	1009	201009902,2				1006				0.2	
49009	490	12		1	1		1	49008	3											2	49009																															1																					19	1009	201009902,2				1006				0.2	
49014	490	13		1	1		1	49009	3											10	3																																																														0.2	
49010	490	14		1			1	49009	3											2	49010																					1		Q490Point1		1009	2	2		1		1			19	1009	201009902,1	2	1009	1	2	1009	2										17	1009	1	17	1009	2	1006				0.2	
49201	492	1			1		1	48602	3											2	49010																					2		1008		1008						1																																
1200001	12000	1					1	99902	3											4	1200001																					1		Q1200001trigger		3	1					1																											10045,1625					
1200002	12000	2					1	99902	3											4	1200002																															1																																
1200003	12000	2					1	1200001	3											2	1200003																					2		1625		3	2					1																											10045,1625					
1200004	12000	3					1	1200003	3											4	1200004																					1		Q1200004Trigger	80	3	4					1																											10045,1624					
1200005	12000	4					1	1200004	3											2	1200005																					2		1624		3	2					1																											10045,1624					
1200006	12000	5					1	1200005	3											2	1200006																					2		10045		3	2					1			12	12		19	3	133102274,1													19	3	133102274,1				10045,1624					
1200007	12000	6					1	99902	3											18	1		0,24																			2		10045		3	2					1																																
1200008	12000	7					1	99902	3											2	1200008																					2		10045		3	2					1																																
1200009	12000	8					1	1200006	3											7	133102274												2	8	1200009			21														1			19	3	133102274,1							19	3	133102274,1							19	3	133102274,2							12		
1200011	12000	9			1		1	1200009	4											4	1200011																															1			14	1200006		19	3	133102274,1	20	12											19	3	133102274,1							12		
1200010	12000	10			1		1	1200009	3											2	1200010																													1		1			20	12																												
1200101	12001	1					1	1200010	3											4	1200101																					2		2073		3	1					1																											10045					
1200102	12001	2					1	99902	3											2	1200102																															1																																
1200103	12001	3					1	1200101	3											2	1200103																					2		2073		3	2					1																											10045,2073					
1200104	12001	4					1	1200103	3											4	1200104																					1		Q1200104Trigger		3	4					1																																
1200105	12001	5					1	1200104	3											2	1200105																																																															
1200106	12001	9					1	99902	3											4	1200106																					1		Q1200107Trigger		3																																						
1200107	12001	9					1	1200111	3											2	1200107																					2		162601		3	2					1																																
1200108	12001	10					1	1200107	3											2	1200108																					2		10045		3	3			1		1	100362	1																									10045					
1200109	12001	6					1	1200105	3											4	1200109												2	8	1200109			21																																			31	0										
1200110	12001	7			1		1	1200109	4											4	1200110																																		14	1200104																	32											
1200111	12001	8			1		1	1200109	3											4	1200111																																																				32											
1200201	12002	1					1	1200108	3											4	1200201																					1		Q1200201Trigger		3	4					1																											10045,1627					
1200202	12002	2					1	99902	3											2	1200202																																																															
1200203	12002	3					1	1200201	3											2	1200203																					2		1627		3	2					1	100363	1	1	100362	1																						10045,1627					
1200204	12002	4	1				1	1200203	3											2	1200204																					2		2013		3	2								23	120021501	1																											
1200205	12002	5	1				1	1200203	3											2	1200205																					2		2090		3	2								23	120021501	1																											
1200206	12002	6	1				1	1200203	3											2	1200206																					2		2072		3	2								23	120021501	1																											
1200215	12002	7			1		1	1200203	3											24	120021501			3																		2		10045		3	3																																					
1200207	12002	8					1	1200215	3											4	1200207																					2		1628		3	2					1																											10045,1628					
1200208	12002	9					1	1200207	3											2	1200208																					2		1628		3	2					1																											10045,1628					
1200209	12002	10	2		1		1	1200208	3											2	1200209																																		23	120021502	1	19	3	133106050,1													19	3	133106050,2									
1200216	12002	11			1		1	99902	3											7	133106050																																																															
1200212	12002	12	2		1		1	1200208	3											2	1200212																																		23	120021502	1	19	3	133106051,1													19	3	133106051,2									
1200217	12002	13			1		1	99902	3											7	133106051																																																															
1200213	12002	14	2		1		1	1200208	3											2	1200213																																		23	120021502	1	19	3	133106049,1													19	3	133106049,2									
1200218	12002	15			1		1	99902	3											7	133106049																																																															
1200219	12002	16	2		1		1	1200208	3											2	1200219																																		23	120021502	1																											
1200220	12002	17	2		1		1	1200208	3											2	1200220																																		23	120021502	1																											
1200214	12002	18	3				1	1200208	3											24	120021502			5																		1		Q120020Scale	200	3	4																																					
1200210	12002	19					1	1200214	3											2	1200210																					2		1628		3	2					1																											10045,1628					
1200211	12002	20					1	1200210	3											2	1200211																					2		1624		3	3			1		1			1	100363	1																						10045,1624					
1200301	12003	1					1	99902	3											2	1200301																					2		1624		3	3					1																																
1200302	12003	2					1	99902	3											2	1200302																					2		10045		3	2					1																																
1200303	12003	3					1	1200211	3											4	1200303																					2		10045		3	2					1																					19	3	133106145,2				10045					
1200304	12003	4					1	1200303	3											2	1200304																					2		10045		3	2					1			12	12																							10045					
1200305	12003	5					1	1200304	3											7	133107003												2	8	1200305			21														1			19	3	133107003,1							19	3	133107003,1							19	3	133107003,2							12		
1200306	12003	6			1		1	99902	3											2	1200306																																																															
1200310	12003	6			1		1	1200305	4											4	1200310																															1			14	1200303		19	3	133107003,1	20	12											19	3	133107003,1							12		
1200307	12003	7					1	1200305	3											20			133107004	1									2	8	1200307			21														1			19	3	133107004,1							19	3	133107004,1							19	3	133107004,2							12		
1200311	12003	8			1		1	1200307	4											4	1200311																															1			14	1200303		19	3	133107004,1	20	12											19	3	133107004,1							12		
1200308	12003	9					1	1200307	3											2	1200308																															1	100364	1	20	12																												
1200309	12003	10					1	1200308	3											2	1200309																					2		1624		3	3			1		1	100361	1	1	100364	1	19	3	133106145,1																			1624					
