子任务ID	父任务ID	序列	子任务组	禁止进入联机	显示状态	[领取条件]组合	[领取条件]1类型	[领取条件]1参数1	[领取条件]1参数2	[领取条件]1参数3	[领取条件]2类型	[领取条件]2参数1	[领取条件]2参数2	[领取条件]2参数3	[领取条件]3类型	[领取条件]3参数1	[领取条件]3参数2	[领取条件]3参数3	[领取条件]4类型	[领取条件]4参数1	[领取条件]4参数2	[领取条件]4参数3	[完成条件]组合	[完成条件]1类型	[完成条件]1参数1	[完成条件]1参数2	[完成条件]1复杂参数	[完成条件]1次数	[完成条件]2类型	[完成条件]2参数1	[完成条件]2复杂参数	[完成条件]2次数	[完成条件]3类型	[完成条件]3参数1	[完成条件]3复杂参数	[完成条件]3次数	[完成条件]4类型	[完成条件]4参数1	[完成条件]4复杂参数	[完成条件]4次数	[失败条件]组合	[失败条件]1类型	[失败条件]1参数1	[失败条件]1参数2	[失败条件]1复杂参数	[失败条件]1次数	[失败条件]2类型	[失败条件]2参数1	[失败条件]2参数2	[失败条件]2复杂参数	[失败条件]2次数	[任务指引]类型	[任务指引]自动开启或关闭	[任务指引]参数1	[任务指引]参数2	[任务指引]场景ID	[任务指引]样式	[任务指引]显示层级	场景内指引	完成父任务	失败父任务	是存档点	[任务道具]ID	[任务道具]数量	[执行]1类型	[执行]1参数1	[执行]1参数2	[执行]1参数3	[执行]2类型	[执行]2参数1	[执行]2参数2	[执行]2参数3	[执行]3类型	[执行]3参数1	[执行]3参数2	[执行]3参数3	[执行]4类型	[执行]4参数1	[执行]4参数2	[执行]4参数3	[失败执行]1类型	[失败执行]1参数1	[失败执行]1参数2	[失败执行]2类型	[失败执行]2参数1	[失败执行]2参数2	[失败执行]3类型	[失败执行]3参数1	[失败执行]3参数2	[开始执行]1类型	[开始执行]1参数1	[开始执行]1参数2	[开始执行]2类型	[开始执行]2参数1	[开始执行]2参数2	[开始执行]3类型	[开始执行]3参数1	[开始执行]3参数2	独占NPC	共享NPC	独占优先级	试用角色列表	$#VersionBegin	$#VersionEnd
42901	429	1					1	99902	3															2	42903																											1		Q429Judge								1																																										0.1
42902	429	2					1	42901	3														1	3	21010301			6	3	21010901		7	3	21020201		1						8	42902									1		Q429Judge																																																		0.1
42903	429	3			1		1	42901	3														2	3	21010301			1	3	21010901		1	3	21020201		1						8	42903									1		Q429Judge								1			14	42903																																						0.1
42904	429	4					1	42902	3															2	42905																											1		Q429Judge						1					14	42901																																						0.1
42905	429	5					1	42902	4															2	42906																											1		Q429Judge											14	42901																																						0.1
49102	491	1			1		1	46613	3															6	1171																																					1			14	49102																																	1009,1218		1100			0.1
49101	491	2			1		1	46618	3															10	3																																			1																																												0.1
2000101	20001	1					9	20500																20			1330034692	1																								1		EventTest01	20	3	2	2				1																												19	3	133003469,1							140301					
2000102	20001	2			1	1	9	20500			1	2000101	3											20			133003469	5																								1		EventTest01	20	3	2	2																																									140301					
2000103	20001	3				1	9	20500			1	2000101	3											20			1330034691	6																								1		EventTest01	20	3	2	2																																														
2000104	20001	4				1	9	20500			1	2000103	3											2	2000110																											2		140301		3	3	2		1		1			24	20500																																	140301					
2000501	20005	1					9	20400																2	2000501																											2		155101		3	1	1				1			1	100301	1																							19	3	133001302,1							155101					
2000502	20005	2				1	9	20400			1	2000501	3											5	100301																											1		Q20005KEY01_Reminder	80	3	2	2				1																			1	100301	1							27	3	133001302,2,3	29	100301					155101					
2000503	20005	3			1	1	9	20400			1	99902	3											5	100302																											1		Q20005KEY02_Reminder	80	3	2	2				1																			1	100301	1	1	100302	1				27	3	133001303,2,3,4	29	100302										
2000504	20005	4				1	9	20400			1	2000502	3											2	2000504																											2		155101		3	3	2		1		1			24	20400			1	100301	1										1	100301	1							19	3	133001302,1							155101					
2000601	20006	1					9	20300																20			133004906	1																								2		1419		3	1	1				1			1	100305	1																							19	3	133004906,2							159401					
2000602	20006	2				1	9	20300			1	2000601	3											2	2000601																											2		1419		3	2	2				1	100305	1	19	3	133002902,2																							19	3	133002902,1	1	100305	999	1	100304	999	159401					
2000603	20006	3			1	1	9	20300			1	2000602	3											2	2000602																2	8	2000603				111	100305	1																																1	100305	1																159401					
2000604	20006	7				1	9	20300			1	2000607	3											2	2000602																											2		159401		3	2	1					100304	1	1	100305	1																																					
2000605	20006	4			1	1	9	20300			1	2000603	4											2	2000602																	8	2000605																																						14	2000602																	159401					
2000606	20006	5				1	9	20300			1	2000602	3											20			13300290201	1																								2		159401		3	2	2																																														
2000607	20006	6				1	9	20300			1	2000606	3											20			133002902	1																								1		EventNpc102	20	3	2	2																																														
2000610	20006	8				1	9	20300			1	2000604	3											2	2000604																											2		1419		3	3	2		1					24	20300			1	100304	1										1	100304	1																					
2000709	20007	1					9	20100																6	1127																											2		153901		3	1	1				1																			19	3	133002264,1				19	3	133002265,1	19	3	133002264,2	19	3	133002901,1				153901					
2000701	20007	2				1	9	20100			1	2000709	3											20			1330022651	1														20			1330022641	1						1		Q20007NPC	30	3	2	2				1			19	3	133002265,1														19	3	133002264,1	14	2000709		19	3	133002265,1	19	3	133002265,2							153901					
2000702	20007	3				1	9	20100			1	2000701	3										2	2	2000707				2	2000708																						2		153901		3	2	2				1			27	3	133002285,2,3,4														19	3	133002264,1				19	3	133002265,1	1	100306	999	1	100307	999				153901					
2000703	20007	4				1	9	20100			1	2000702	3											5	100306																											1		Q20007Item011	40	3	2	2				1			19	3	133002285,1														19	3	133002264,1	18	100306:999,100307:999,100308:999		19	3	133002265,1										153901					
2000704	20007	5				1	9	20100			1	2000703	3		3	100306								2	2000703																											2		153901		3	2	2				1							1	100306	999		1	100103	999						19	3	133002264,1	18	100306:999,100307:999,100308:999		19	3	133002265,1										153901					
2000705	20007	6				1	9	20100			1	2000704	3											20			1330022652	1														20			1330022641	1						1		Q20007NPC	30	3	2	2				1			19	3	133002265,1														19	3	133002264,1	14	2000709		19	3	133002265,1	19	3	133002265,3							153901					
2000706	20007	7				1	9	20100			1	2000705	3										2	2	2000709				2	2000710																						2		153901		3	2	2				1			19	3	133002285,5														19	3	133002264,1	18	100306:999,100307:999,100308:999		19	3	133002265,1	1	100308	999							153901					
2000707	20007	8				1	9	20100			1	2000706	3											5	100308																											1		Q20007Item02	20	3	2	2				1			19	3	133002285,1														19	3	133002264,1	18	100306:999,100307:999,100308:999		19	3	133002265,1										153901					
2000708	20007	9				1	9	20100			1	2000707	3		3	100308								2	2000706																											2		153901		3	3	2		1		1			24	20100			15	3	133002264		1	100308	999						19	3	133002264,1				19	3	133002265,1										153901					
2000201	20002	1			1																			2	2000104																																					1																																										0.1
2000202	20002	1			1		1	2000201	3															20			22000006612801	1														20			22000006612802																																				14	2000201								15	20000	220000066												0.1
2000203	20002	1			1		1	2000202	3															2	2000108			1																																					14	2000201			15	20000	220000066										14	2000201																						0.1
2000801	20008	1					9	20200																20			133004260	1																								1		Event_20200		3	2	2				1																												19	3	133004260,2							156901					
2000802	20008	2				1	9	20200			1	2000801	3											20			13300426002	1																								1		Event_20200	40	3	2	2																																									156901					
2000803	20008	3				1	9	20200			1	2000802	3											2	2000801																											2		156901		3	2	2				1			19	3	133004261,2																																156901					
2000804	20008	4				1	9	20200			1	2000803	3											20			13300426101	1																								1		Event104_01	40	3	2	2																																									156901					
2000805	20008	5				1	9	20200			1	2000804	3											20			13300426102	1																								1		Event104_01		3	2	2				1																												15	3	133004261							156901					
2000806	20008	6				1	9	20200			1	2000805	3											20			13300426103	1														20			13300426104	1						1		Event104_01	20	3	2	2		1					24	20200															14	2000805																	156901					
2000909	20009	1					9	20700																6	1130																											2		156501		3	1	1																							19	3	133001073,1							19	3	133001073,2							156501,20025					
2000901	20009	2				1	9	20700			1	2000909	3										2	2	2000909				2	2000910																						2		156501		3	1	2				1																			19	3	133001073,1																156501,20025					
2000902	20009	3				1	9	20700			1	2000901	3											4	2000902																											2		156501		3	2	2																							19	3	133001073,1																156501,20025					
2000903	20009	4				1	9	20700			1	2000902	3											2	2000902																											2		156501		3	2	2				1			19	3	133001073,2														19	3	133001073,1																156501,20025					
2000908	20009	5				1	9	20700			1	2000903	3											6	1129																	8	2000910									2		20025		3	2	2																																									156501,20025					
2000910	20009	5			1	1	9	20700			1	2000903	3											20			1330010732	1														8	2000908									1		Q20009NPC04		3	2	2							15	3	133001073		23	2000911	1																																	
2000912	20009	4			1	1	9	20700			1	2000902	3											4	2000912																	8	2000912									2		20025		3	2	2							33	1																																						
2000913	20009	4			1	1	9	20700			1	2000902	3											4	2000913																	8	2000913									2		20025		3	2	2																																														
2000914	20009	6			1	1	9	20700			1	2000912	3											2	2000906																											2		20025		3	2	2																							19	3	133001073,1																					
2000904	20009	6			1	1	9	20700			1	2000913	3											2	2000903																											2		20025		3	2	2																							19	3	133001073,1																					
2000907	20009	7			1	1	9	20700			1	2000904	3											4	2000907																											1		Q20009NPC04		3	2	2							15	3	133001073		23	2000911	1										19	3	133001073,1																					
2000911	20009	8			1	1	9	20700			1	2000903	3											24	2000911																											1		Q20009NPC04	20	3	2	2																							19	3	133001073,1																					
2000905	20009	9				1	9	20700			1	2000911	3											20			1330010731	1																								1		Q20009NPC04	20	3	2	2				1																			19	3	133001073,1																156501,20025					
2000906	20009	10				1	9	20700			1	2000905	3										2	2	2000904				2	2000908																						2		156501		3	2	2		1		1			24	20700															19	3	133001073,1																156501,20025					
2000915	20009	10				1	9	20700			1	2000914	3											2	2000907																											2		156501		3	3	2		1		1			24	20700															19	3	133001073,1																156501,20025					
2001009	20010	1					9	20701																6	1131																											2		156501		3	1	1																							19	3	133001073,1							19	3	133001073,2							156501,20025					
2001001	20010	2				1	9	20701			1	2001009	3										2	2	2001009				2	2001010																						2		156501		3	1	2				1																			19	3	133001073,1																156501,20025					
2001002	20010	3				1	9	20701			1	2001001	3											4	2001002																											2		156501		3	2	2																							19	3	133001073,1																156501,20025					
2001003	20010	4				1	9	20701			1	2001002	3											2	2001002																											2		156501		3	2	2				1			19	3	133003123,2														19	3	133001073,1																156501,20025					
2001008	20010	5				1	9	20701			1	2001003	3											6	1132																	8	2001010									2		20025		3	2	2																																									156501,20025					
2001010	20010	5			1	1	9	20701			1	2001003	3											20			1330031232	1														8	2001008									1		Q20010NPC04		3	2	2							15	3	133003123		23	2001011	1																																	
2001012	20010	4			1	1	9	20701			1	2001002	3											4	2001012																	8	2001012									2		20025		3	2	2							33	1																																						
2001013	20010	4			1	1	9	20701			1	2001002	3											4	2001013																	8	2001013									2		20025		3	2	2																																														
2001014	20010	6			1	1	9	20701			1	2001012	3											2	2001006																											2		20025		3	2	2																							19	3	133001073,1																					
2001004	20010	6			1	1	9	20701			1	2001013	3											2	2001003																											2		20025		3	2	2																							19	3	133001073,1																					
2001007	20010	7			1	1	9	20701			1	2001004	3											4	2001007																											1		Q20010NPC04		3	2	2							15	3	133003123		23	2001011	1										19	3	133001073,1																					
2001011	20010	8			1	1	9	20701			1	2001003	3											24	2001011																											1		Q20010NPC04	20	3	2	2																							19	3	133001073,1																					
2001005	20010	9				1	9	20701			1	2001011	3											20			1330031231	1																								1		Q20010NPC04	20	3	2	2				1																			19	3	133001073,1																156501,20025					
2001006	20010	10				1	9	20701			1	2001005	3										2	2	2001004				2	2001008																						2		156501		3	2	2		1		1			24	20701															19	3	133001073,1																156501,20025					
2001015	20010	10				1	9	20701			1	2001014	3											2	2001007																											2		156501		3	3	2		1		1			24	20701															19	3	133001073,1																156501,20025					
2001509	20015	1					9	20702																6	1133																											2		156501		3	1	1																							19	3	133001073,1							19	3	133001073,2							156501,20025					
2001501	20015	2				1	9	20702			1	2001509	3										2	2	2001509				2	2001510																						2		156501		3	1	2				1																			19	3	133001073,1																156501,20025					
2001502	20015	3				1	9	20702			1	2001501	3											4	2001502																											2		156501		3	2	2																							19	3	133001073,1																156501,20025					
2001503	20015	4				1	9	20702			1	2001502	3											2	2001502																											2		156501		3	2	2				1			19	3	133007032,2														19	3	133001073,1																156501,20025					
2001508	20015	5				1	9	20702			1	2001503	3											6	1134																	8	2001510									2		20025		3	2	2																																									156501,20025					
2001510	20015	5			1	1	9	20702			1	2001503	3											20			1330070322	1														8	2001508									1		Q20015NPC04		3	2	2							15	3	133007032		23	2001511	1																																	
2001512	20015	4			1	1	9	20702			1	2001502	3											4	2001512																	8	2001512									2		20025		3	2	2							33	1																																						
2001513	20015	4			1	1	9	20702			1	2001502	3											4	2001513																	8	2001513									2		20025		3	2	2																																														
2001514	20015	6			1	1	9	20702			1	2001512	3											2	2001506																											2		20025		3	2	2																							19	3	133001073,1																					
2001504	20015	6			1	1	9	20702			1	2001513	3											2	2001503																											2		20025		3	2	2																							19	3	133001073,1																					
2001507	20015	7			1	1	9	20702			1	2001504	3											4	2001507																											1		Q20015NPC04		3	2	2							15	3	133007032		23	2001511	1										19	3	133001073,1																					
2001511	20015	8			1	1	9	20702			1	2001503	3											24	2001511																											1		Q20015NPC04	20	3	2	2																							19	3	133001073,1																					
2001505	20015	9				1	9	20702			1	2001511	3											20			1330070321	1																								1		Q20015NPC04	20	3	2	2				1																			19	3	133001073,1																156501,20025					
2001506	20015	10				1	9	20702			1	2001505	3										2	2	2001504				2	2001508																						2		156501		3	2	2		1		1			24	20702															19	3	133001073,1																156501,20025					
2001515	20015	10				1	9	20702			1	2001514	3											2	2001507																											2		156501		3	3	2		1		1			24	20702															19	3	133001073,1																156501,20025					
2001601	20016	1					9	20301																20			133004907	1																								2		1419		3	1	1				1			1	100313	999		1	100311	999																			19	3	133004907,2							157301,157501,157701					
2001602	20016	2				1	9	20301			1	2001601	3											2	2001601																											2		1419		3	2	2				1	100313	1																										29	100313		29	100311					157301,157501,157701					
2001603	20016	3			1	1	9	20301			1	2001602	3										2	2	2001603				2	2001605			2	2001607							2	8	2001603				111	100313	1														100311	1	1	100313	1														1	100313	1																157301,157501,157701					
2001604	20016	4			1	1	9	20301			1	2001602	3											2	2001603																	8	2001604																																																													
2001605	20016	5			1	1	9	20301			1	2001602	3											2	2001605																	8	2001605																																																													
2001606	20016	6			1	1	9	20301			1	2001602	3											2	2001607																	8	2001606																																																													
2001607	20016	7				1	9	20301			1	2001602	3										2	2	2001603				2	2001605			2	2001607			2	2001604														2		157301		3	2	2																																														
2001608	20016	8				1	9	20301			1	2001602	3										2	2	2001603				2	2001605			2	2001607			2	2001606														2		157501		3	2	2																																														
2001609	20016	9				1	9	20301			1	2001602	3										2	2	2001603				2	2001605			2	2001607			2	2001608														2		157701		3	2	2																																														
2001610	20016	10			1	1	9	20301			1	2001603	4										2	2	2001603				2	2001605			2	2001607								8	2001605																																						14	2001602																						
2001611	20016	11				1	9	20301			1	2001607	3		1	2001608	3		1	2001609	3			2	2001602																											2		1419		3	3	2		1					24	20301			1	100311	1										1	100311	1																157301,157501,157701					
2001709	20017	1					9	20101																6	1137																											2		154901		3	1	1				1																			19	3	133002277,1				19	3	133002278,1	19	3	133002277,2	19	3	133002250,2	19	3	133002901,1	154901					
2001701	20017	2				1	9	20101			1	2001709	3											20			1330022781	1														20			1330022771	1						1		Q20017NPC	30	3	2	2				1			19	3	133002278,1														19	3	133002277,1	14	2001709		19	3	133002278,1	19	3	133002278,2							154901					
2001702	20017	3				1	9	20101			1	2001701	3										2	2	2001707				2	2001708																						2		154901		3	2	2				1			27	3	133002290,2,3,4														19	3	133002277,1				19	3	133002278,1	1	100306	999	1	100307	999				154901					
2001703	20017	4				1	9	20101			1	2001702	3											5	100306																											1		Q20017Item011	40	3	2	2				1			19	3	133002290,1														19	3	133002277,1	18	100306:999,100307:999,100308:999		19	3	133002278,1										154901					
2001704	20017	5				1	9	20101			1	2001703	3		3	100306								2	2001703																											2		154901		3	2	2				1							1	100306	1		1	100307	2						19	3	133002277,1	18	100306:999,100307:999,100308:999		19	3	133002278,1										154901					
2001705	20017	6				1	9	20101			1	2001704	3											20			1330022782	1														20			1330022771	1						1		Q20017NPC	30	3	2	2				1			19	3	133002278,1														19	3	133002277,1	14	2001709		19	3	133002278,1	19	3	133002278,3							154901					
2001706	20017	7				1	9	20101			1	2001705	3										2	2	2001709				2	2001710																						2		154901		3	2	2				1			19	3	133002290,5														19	3	133002277,1	18	100306:999,100307:999,100308:999		19	3	133002278,1	1	100308	999							154901					
2001707	20017	8				1	9	20101			1	2001706	3											5	100308																											1		Q20017Item02	20	3	2	2				1			19	3	133002290,1														19	3	133002277,1	18	100306:999,100307:999,100308:999		19	3	133002278,1										154901					
2001708	20017	9				1	9	20101			1	2001707	3		3	100308								2	2001706																											2		154901		3	3	2		1		1			24	20101			15	3	133002277		1	100308	1						19	3	133002277,1				19	3	133002278,1										154901					
2001809	20018	1					9	20102																6	1138																											2		157101		3	1	1				1																			19	3	133002279,1				19	3	133002280,1	19	3	133002279,2	19	3	133002901,1				157101					
2001801	20018	2				1	9	20102			1	2001809	3											20			1330022801	1														20			1330022791	1						1		Q20018NPC	30	3	2	2				1			19	3	133002280,1														19	3	133002279,1	14	2001809		19	3	133002280,1	19	3	133002280,2							157101					
2001802	20018	3				1	9	20102			1	2001801	3										2	2	2001807				2	2001808																						2		157101		3	2	2				1			27	3	133002291,2,3,4														19	3	133002279,1				19	3	133002280,1	1	100306	999	1	100307	999				157101					
2001803	20018	4				1	9	20102			1	2001802	3											5	100306																											1		Q20018Item011	40	3	2	2				1			19	3	133002291,1														19	3	133002279,1	18	100306:999,100307:999,100308:999		19	3	133002280,1										157101					
2001804	20018	5				1	9	20102			1	2001803	3		3	100306								2	2001803																											2		157101		3	2	2				1							1	100306	1		1	100307	2						19	3	133002279,1	18	100306:999,100307:999,100308:999		19	3	133002280,1										157101					
2001805	20018	6				1	9	20102			1	2001804	3											20			1330022802	1														20			1330022791	1						1		Q20018NPC	30	3	2	2				1			19	3	133002280,1														19	3	133002279,1	14	2001809		19	3	133002280,1	19	3	133002280,3							157101					
2001806	20018	7				1	9	20102			1	2001805	3										2	2	2001809				2	2001810																						2		157101		3	2	2				1			19	3	133002291,5														19	3	133002279,1	18	100306:999,100307:999,100308:999		19	3	133002280,1	1	100308	999							157101					
2001807	20018	8				1	9	20102			1	2001806	3											5	100308																											1		Q20018Item02	20	3	2	2				1			19	3	133002291,1														19	3	133002279,1	18	100306:999,100307:999,100308:999		19	3	133002280,1										157101					
2001808	20018	9				1	9	20102			1	2001807	3		3	100308								2	2001806																											2		157101		3	3	2		1		1			24	20102			15	3	133002279		1	100308	1						19	3	133002279,1				19	3	133002280,1										157101					
2001901	20019	1					9	20403																2	2001901																											2		155101		3	1	1				1							1	100302	1																						19	3	133001303,1				155101					
2001902	20019	2				1	9	20403			1	99902	3											5	100301																											1		Q20005KEY01_Reminder	80	3	2	2				1																			1	100301	1	1	100302	1				27	3	133001302,2,3	29	100301										
2001903	20019	3				1	9	20403			1	2001901	3											5	100302																											1		Q20005KEY02_Reminder	80	3	2	2				1																						1	100302	1				27	3	133001303,2,3,4	29	100302					155101					
2001904	20019	4				1	9	20403			1	2001903	3											2	2001904																											2		155101		3	3	2		1		1			24	20403							1	100302	1									1	100302	1							19	3	133001303,1				155101					
2002501	20025	1					9	20401																2	2002501																											2		155101		3	1	1				1							29	100302																							19	3	133002286,1				155101					
2002502	20025	2				1	9	20401			1	99902	3											5	100301																											1		Q20025KEY01_Reminder	80	3	2	2				1																			1	100301	1	1	100302	1				27	3	133002284,2,3	29	100301										
2002503	20025	3				1	9	20401			1	2002501	3											5	100302																											1		Q20025KEY02_Reminder	80	3	2	2				1																						1	100302	1				27	3	133002286,2,3	29	100302					155101					
2002504	20025	4				1	9	20401			1	2002503	3											2	2002504																											2		155101		3	3	2		1		1			24	20401							1	100302	1									1	100302	1							19	3	133002286,1				155101					
2003501	20035	1					9	20402																2	2003501																											2		155101		3	1	1				1			29	100301																								19	3	133002284,1							155101					
2003502	20035	2				1	9	20402			1	2003501	3											5	100301																											1		Q20025KEY01_Reminder	80	3	2	2				1																			1	100301	1							27	3	133002284,2,3	29	100301					155101					
2003503	20035	3				1	9	20402			1	99902	3											5	100302																											1		Q20025KEY02_Reminder	80	3	2	2				1																			1	100301	1	1	100302	1				27	3	133002286,2,3	29	100302										
2003504	20035	4				1	9	20402			1	2003502	3											2	2003504																											2		155101		3	3	2		1		1			24	20402			1	100301	1										1	100301	1							19	3	133002284,1							155101					
2002301	20023	1					9	22600																2	2002301																											2		147101		3	1	1				1																																					147101,146101,140301					
2002302	20023	2				1	9	22600			1	2002301	3		24	1	1							2	2002302																											2		146101		1009	2	2				1																																					147101,146101,140301					
2002303	20023	3				1	9	22600			1	2002302	3		24	1	1							25	70710028																											1		Q20023Winebowl		1009	2	2				1																																					147101,146101,140301					
2002304	20023	4				1	9	22600			1	2002303	3		24	1	1							2	2002303																											2		1465		1009	2	2				1																																					147101,146101,140301					
2002305	20023	5				1	9	22600			1	2002304	3		24	1	1							2	2002304																											2		147101		3	3	2		1		1			24	22600																																	147101,146101,140301					
2002306	20023	6				1	9	22600			1	2002301	3		24	1	2							4																												2		146101		3	2	2				1																																					147101,146101,140301					
2002307	20023	7				1	9	22600			1	2002306	3		24	1	2							4																		8	2002307									2		146101		3	2	2																							14	2002306																	147101,146101,140301					
2002308	20023	8				1	9	22600			1	2002307	3		24	1	2							2	2002309																											2		147101		3	3	2		1		1			24	22600																																	147101,146101,140301					
2002401	20024	1					9	22300																4	2002401																											2		155101		3	1	1				1																																										
2002601	20026	1					9	20302																20			133004908	1																								2		1419		3	1	1				1			29	100312			29	100309																				19	3	133004908,2							1535					
2002602	20026	2				1	9	20302			1	2002601	3											2	2002601																											2		1419		3	2	2				1																																					1535					
2002603	20026	3	1			1	9	20302			1	2002602	3											5	100062			2																								1		Q20026Egg	40	3	2	2				1																																					1535					
2002604	20026	4				1	9	20302			1	2002603	3											2	2002602																											2		1419	20	3						1	100312	1	1	100062	2																							1	100312	999	1	100309	999				1535					
2002605	20026	5			1	1	9	20302			1	2002604	3											2	2002603																2	8	2002605				111	100312	1																																1	100312	1																1535					
2002606	20026	6			1	1	9	20302			1	2002605	4											2	2002603																	8	2002606																																						14	2002604																						
2002607	20026	7				1	9	20302			1	2002604	3											2	2002603																											2		1535		3	2	2					100309	1	1	100312	1																																					
2002608	20026	8				1	9	20302			1	2002607	3											2	2002604																											2		1419	20	3	3	2		1					24	20302			1	100309	1										1	100309	1																1535					
2001101	20011	1					9	20501																20			13300348301	1																								1		Event_20501	20	3	2	2				1																												19	3	133003483,2	19	3	133002242,2				140801					
2001102	20011	2			1	1	9	20501			1	2001101	3											20			13300348302	5																								1		Event_20501	20	3	2	2																																														
2001103	20011	3				1	9	20501			1	2001101	3											20			13300348303	6																								1		Event_20501	20	3	2	2																																									140801					
2001104	20011	4				1	9	20501			1	2001103	3											2	2001103																											2		140801		3	3	2		1		1			24	20501			19	3	133002242,1																												140801					
2001201	20012	1					9	20502																20			13300227201	1																								1		Event_20502	20	3	2	2				1																												19	3	133002272,2	19	3	133002133,2	19	3	133002243,2	157001					
2001202	20012	2			1	1	9	20502			1	2001201	3											20			13300227202	5																								1		Event_20502	20	3	2	2																																									157001					
2001203	20012	3				1	9	20502			1	2001201	3											20			13300227203	6																								1		Event_20502	20	3	2	2																																														
2001204	20012	4				1	9	20502			1	2001203	3											2	2001203																											2		157001		3	3	2		1		1			24	20502			19	3	133002243,1		19	3	133002133,1																								157001					
2001301	20013	1					9	20503																20			13300227301	1																								1		Event_20503	20	3	2	2				1																												19	3	133002273,2	19	3	133002250,2				141301					
2001302	20013	2			1	1	9	20503			1	2001301	3											20			13300227302	5																								1		Event_20503	20	3	2	2																																									141301					
2001303	20013	3				1	9	20503			1	2001301	3											20			13300227303	6																								1		Event_20503	20	3	2	2																																														
2001304	20013	4				1	9	20503			1	2001303	3											2	2001303																											2		141301		3	3	2		1		1			24	20503																																	141301					
2002701	20027	1					9	20201																20			133002281	1																								1		Event_20201		3	2	2				1																												19	3	133002281,2							153301					
2002702	20027	2				1	9	20201			1	2002701	3											20			13300228101	1																								1		Event_20201	20	3	2	2																																									153301					
2002703	20027	3				1	9	20201			1	2002702	3											2	2002701																											2		153301		3	2	2				1			19	3	133002282,2																																153301					
2002704	20027	4				1	9	20201			1	2002703	3											20			13300228202	1																								1		Event_20201_01_01	40	3	2	2																																									153301					
2002705	20027	5				1	9	20201			1	2002704	3											20			13300228303	1																								1		Event_20201_01_01		3	2	2				1																												15	3	133002282							153301					
2002706	20027	6				1	9	20201			1	2002705	3											20			13300228304	1														20			13300228305	1						1		Event_20201_01_01	20	3	2	2		1					24	20201															14	2002705																	153301					
2002801	20028	1					9	20202																20			13300228701	1																								1		Event_20202		3	2	2				1																												19	3	133002287,2							157501					
2002802	20028	2				1	9	20202			1	2002801	3											20			13300228702	1																								1		Event_20202	20	3	2	2																																									157501					
2002803	20028	3				1	9	20202			1	2002802	3											2	2002801																											2		157501		3	2	2				1			19	3	133002288,2																																157501					
2002804	20028	4				1	9	20202			1	2002803	3											20			13300228803	1																								1		Event_20202_01_01	40	3	2	2																																									157501					
2002805	20028	5				1	9	20202			1	2002804	3											20			13300228804	1																								1		Event_20202_01_01		3	2	2				1																												15	3	133002288							157501					
2002806	20028	6				1	9	20202			1	2002805	3											20			13300228905	1														20			13300228906	1						1		Event_20202_01_01	20	3	2	2		1					24	20202															14	2002805																	157501					
2003601	20036	1					9	21000																20			13300426901	1																								2		1521		3	1	1																																19	3	133004269,2							1521					
2003602	20036	2				1	9	21000			1	2003601	3											2	2003601																											2		1521		3	2	2				1																																					1521					
2003603	20036	3				1	9	21000			1	2003602	3											4	2003603																											1		Event_21000_02	40	3	2	2																																														
2003604	20036	3				1	9	21000			1	2003602	3		3	100057	3							2	2003602																	111	100057	3								2		1521		3	2	2																							14	2003602																	1521					
2003605	20036	4				1	9	21000			1	2003604	3											25	70710009																	111	100057	3								1		Event_21000_01		3	2	2							1	100057	3														14	2003602																	1521					
2003606	20036	5				1	9	21000			1	2003605	3											2	2003603																											2		1521		3	3	2		1		1			24	21000																																	1521					
2003701	20037	1					9	21100																6	1143																											2		155301		3	1	2				1																																					155301,1521					
2003702	20037	2				1	9	21100			1	2003701	3											2	2003701																											2		155301		3	2	2				1	100348	1																																			155301,1521					
2003703	20037	3				1	9	21100			1	2003702	3											2	2003703																											2		1521		3	2	2																																									155301,1521					
2003704	20037	4			1	1	9	21100			1	99902	3																																																																																											
2003705	20037	5			1	1	9	21100			1	99902	3																																																																																											
2003706	20037	6				1	9	21100			1	2003703	3											2	2003705																											2		155301		3	3	2		1		1	100057	3	24	21100																																	155301,1521					
2003707	20037	7			1	1	9	21100			1	99902	3																																																																																											
2003801	20038	1					9	20900																2	2003801																											2		1473		1008	1	1				1																																					1473					
2003802	20038	2			1	1	9	20900			1	2003801	3											4	2003802																	8	2003802																																																								1473					
2003803	20038	2			1	1	9	20900			1	2003801	3											4	2003803																	8	2003803																																																													
2003804	20038	2			1	1	9	20900			1	2003801	3											4	2003804																	8	2003804																																																													
2003805	20038	3				1	9	20900			1	2003802	3											20			133003487	1																								1		Event_20900_01		3	2	2				1																												27	3	133003487,2,3,4												
2003806	20038	3				1	9	20900			1	2003803	3											20			133001316	1																								1		Event_20900_02		3	2	2				1																												27	3	133001316,2,3,4												
2003807	20038	3				1	9	20900			1	2003804	3											20			133002293	1																								1		Event_20900_03		3	2	2				1																												27	3	133002293,2,3,4												
2003808	20038	4				1	9	20900			1	2003805	3											2	2003803																											2		1473		1008	3	2		1		1			24	20900																																	1473					
2003809	20038	4				1	9	20900			1	2003806	3											2	2003803																											2		1473		1008	3	2		1		1			24	20900																																						
2003810	20038	4				1	9	20900			1	2003807	3											2	2003803																											2		1473		1008	3	2		1		1			24	20900																																						
2003901	20039	1					9	21200																2	2003901																											2		1587		3	1	1																																									1587					
2003902	20039	3			1	1	9	21200			1	2003901	3											2	2003902																																																																															
2003903	20039	4			1	1	9	21200			1	2003901	3											2	2003903																																																																															
2003904	20039	2			1	1	9	21200			1	2003901	3											4	2003904																	8	2003904																																																													
2003905	20039	2			1	1	9	21200			1	2003901	3											4	2003905																	8	2003905																																																													
2003906	20039	2			1	1	9	21200			1	2003901	3											4	2003906																	8	2003906																																																													
2003907	20039	7				1	9	21200			1	2003904	3											4	2003907																																					1																																					1587					
2003908	20039	8				1	9	21200			1	2003905	3											4	2003908																																					1																																					1587					
2003909	20039	9				1	9	21200			1	2003906	3											4	2003909																																					1																																					1587					
2003910	20039	10			1	1	9	21200			1	2003903	3											4	2003910																																																																															
2003911	20039	11			1	1	9	21200			1	2003903	3											4	2003911																																																																															
2003912	20039	12			1	1	9	21200			1	2003903	3											4	2003912																																																																															
2003913	20039	13				1	9	21200			1	2003910	3											4	2003913																																					1																																					1587					
2003914	20039	14				1	9	21200			1	2003911	3											4	2003914																																					1																																					1587					
2003915	20039	15				1	9	21200			1	2003912	3											4	2003915																																					1																																					1587					
2003916	20039	16				1	9	21200			1	2003907	3											2	2003910																	111	111017	1								2		1587		3	3	2		1		1			24	21200			1	111017	1		33	0							14	2003907																	1587					
2003917	20039	17				1	9	21200			1	2003908	3											2	2003911																	111	111015	1								2		1587		3	3	2		1		1			24	21200			1	111015	1		33	1							14	2003908																	1587					
2003918	20039	18				1	9	21200			1	2003909	3											2	2003912																	111	111013	1								2		1587		3	3	2		1		1			24	21200			1	111013	1		33	2							14	2003909																	1587					
2003919	20039	19				1	9	21200			1	2003913	3											2	2003913																	111	112015	1								2		1587		3	3	2		1		1			24	21200			1	112015	1		33	3							14	2003913																	1587					
2003920	20039	20				1	9	21200			1	2003914	3											2	2003914																	111	112006	1								2		1587		3	3	2		1		1			24	21200			1	112006	1		33	3							14	2003914																	1587					
2003921	20039	21				1	9	21200			1	2003915	3											2	2003915																	111	112003	1								2		1587		3	3	2		1		1			24	21200			1	112003	1		33	3							14	2003915																	1587					
2003922	20039	22			1	1	9	21200			1	2003904	3		3	111017	1							4	2003907																																					1																																										
2003923	20039	23			1	1	9	21200			1	2003905	3		3	111015	1							4	2003908																																					1																																										
2003924	20039	24			1	1	9	21200			1	2003906	3		3	111013	1							4	2003909																																					1																																										
2003925	20039	25			1	1	9	21200			1	2003910	3		3	112015	1							4	2003913																																					1																																										
2003926	20039	26			1	1	9	21200			1	2003911	3		3	112006	1							4	2003914																																					1																																										
2003927	20039	27			1	1	9	21200			1	2003912	3		3	112003	1							4	2003915																																					1																																										
2004001	20040	1					9	20600																2	2004001																											2		158101		3	1	1				1			19	3	133003305,2																																158101					
2004002	20040	2				1	9	20600			1	2004001	3											20			133003305	1																								1		Event_20600_03	20	3	2	2																																									158101					
2004003	20040	3				1	9	20600			1	2004002	3											2	2004002																											2		158101		3	2	2				1																																					158101					
2004004	20040	4				1	9	20600			1	2004003	3											4	2004004																											2		158101		3	2	2																																									158101					
2004007	20040	5				1	9	20600			1	2004004	3											2	2004004																											2		158101		3	3	2		1		1			19	3	133003305,1		24	20600																													158101					
2004101	20041	1					9	21300																2	2004101																											2		1589		3	1	1				1																																					1589					
2004102	20041	2				1	9	21300			1	2004101	3											20			133003489	1																								1		Event_21300_01	30	3	2	2				1																			19	3	133003489,1							19	3	133003489,2							1589					
2004103	20041	3				1	9	21300			1	2004102	3											2	2004103																											2		1589		3	3	2		1		1			19	3	133003489,1		24	21300																													1589					
2004401	20044	1					9	21600																2	2004401																											2		1605		3	1	1				1																												19	3	133004270,1							1605					
2004402	20044	2				1	9	21600			1	2004401	3											20			133004270	1														20			13300427001	1						1		Event_21600_01	10	3	2	2				1																			19	3	133004270,1	14	2004402					19	3	133004270,2							1605					
2004403	20044	3				1	9	21600			1	2004402	3											2	2004403																											2		1605		3	3	2		1		1			19	3	133004270,1		24	21600											19	3	133004270,1																1605					
2004801	20048	1					9	21700																2	2004801																											2		1567		3	1	1				1																												19	3	133003491,1	19	3	133003494,2				1567					
2004802	20048	2				1	9	21700			1	2004801	3											4	2004802																																					1																																										
2004803	20048	3				1	9	21700			1	2004801	3		3	100017	3							2	2004802																	111	100017	3								2		1567		3	2	2							19	3	133003491,2														14	2004802																	1567					
2004804	20048	4				1	9	21700			1	2004803	3											25	70710009																	111	100017	3								1		Event_21700_01		3	2	2							1	100017	3														14	2004802																	1567					
2004805	20048	5				1	9	21700			1	2004804	3											2	2004803																	20			13300349101	1						2		1567		3	3	2		1		1			24	21700			19	3	133003491,1		33	1																15	3	133003491							1567					
2004806	20048	6				1	9	21700			1	2004805	4											2	2004806																											2		1567		3	3	2		1		1			24	21700			19	3	133003491,1																												1567					
2005001	20050	1					9	21601																2	2005001																											2		1605		3	1	1				1																												19	3	133004270,1							1605					
2005002	20050	2				1	9	21601			1	2005001	3											20			133004270	1														20			13300427001	1						1		Event_21600_01	10	3	2	2				1																			19	3	133004270,1	14	2005002					19	3	133004270,3							1605					
2005003	20050	3				1	9	21601			1	2005002	3											2	2005003																											2		1605		3	3	2		1		1			19	3	133004270,1		24	21601											19	3	133004270,1																1605					
2005101	20051	1				1	9	22000																2	2005101																											2		1465		1009	1	1	0			1																																					1465,140301,143101,153701,141301,1403,1431,1537,1413,1404,1414					
2005102	20051	2				1	9	22000			1	2005101	3										2	2	2005106																	24	200516601									2		1461		3	2	2	0			1																																										
2005103	20051	3			1	1	9	22000			1	2005166	2											2	2005156																	8	2005103																			1	100357	1																																								
2005104	20051	4			1	1	9	22000			1	2005166	2											2	2005157																	8	2005104																			1	100358	1																																								
2005105	20051	5			1	1	9	22000			1	2005166	2											2	2005158																	8	2005105																			1	100360	1																																								
2005106	20051	6			1	1	9	22000			1	2005166	2											2	2005159																	8	2005106																			1	100359	1																																								
2005116	20051	7				1	9	22000			1	99902	3											24	200516601																											2		1403		3	2	2																																														
2005117	20051	8				1	9	22000			1	99902	3											24	200516601																											2		1431		3	2	2																																														
2005118	20051	9				1	9	22000			1	2005102	3											24	200516601																											2		1537		3	2	2																																														
2005119	20051	10				1	9	22000			1	99902	3											24	200516601																											2		1413		3	2	2																																														
2005166	20051	11			1	1	9	22000			1	2005101	3											24	200516601			1																																		1																																					1465,140301,143101,153701,141301,1403,1431,1537,1413,1404,1414					
2005108	20051	12			1	1	9	22000			1	2005101	3											4	2005108																																					1			23	200516601	1																																					
2005109	20051	13			1	1	9	22000			1	2005101	3											4	2005109																																					1			23	200516601	1																																					
2005110	20051	14			1	1	9	22000			1	2005101	3											4	2005110																																					1			23	200516601	1																																					
2005111	20051	15			1	1	9	22000			1	2005101	3											4	2005111																																					1			23	200516601	1																																					
2005112	20051	16			1	1	9	22000			1	2005101	3											4	2005112																																					1																																										
2005113	20051	17			1	1	9	22000			1	2005101	3											4	2005113																																					1																																										
2005114	20051	18			1	1	9	22000			1	2005101	3											4	2005114																																					1																																										
2005115	20051	19			1	1	9	22000			1	2005101	3											4	2005115																																					1																																										
2005124	20051	20				1	9	22000			1	2005166	3											27	2005124																											2		1465		1009	2	2	0			1																												28	2005124								1465,140301,143101,153701,141301,1403,1431,1537,1413,1404,1414					
2005125	20051	21				1	9	22000			1	2005124	3											2	2005117																											2		1465		1009	2	2	0																																								1465,140301,143101,153701,141301,1403,1431,1537,1413,1404,1414					
2005107	20051	22			1	1	9	22000			1	2005166	3											2	2005167																																					1																																										
2005120	20051	23				1	9	22000			1	2005125	3											2	2005167																											2		1465		1009	2	2	0			1																																										
2005121	20051	24			1	1	9	22000			1	99902	3																																																																																											
2005122	20051	25			1	1	9	22000			1	99902	3																																																																																											
2005123	20051	26			1	1	9	22000			1	99902	3																																																																																											
2005137	20051	27				1	9	22000			1	2005107	3											24	200513701			4																								2		1465		1009	2	2	0			1																												23	200516601	1							1465,140301,143101,153701,141301,1403,1431,1537,1413,1404,1414					
2005138	20051	28			1	1	9	22000			1	2005137	2											2	2005134																																																																															
2005139	20051	29			1	1	9	22000			1	2005137	2											2	2005135																																																																															
2005140	20051	30			1	1	9	22000			1	2005137	2											2	2005136																																																																															
2005141	20051	31			1	1	9	22000			1	2005137	2											2	2005137																																																																															
2005142	20051	32			1	1	9	22000			1	2005137	2											2	2005138																																					1																																										
2005143	20051	33			1	1	9	22000			1	2005142	3											2	2005140																																					1																																										
2005144	20051	34			1	1	9	22000			1	2005142	3											2	2005139																																					1			29	100316,100317,100318,100319,100320,100321,100322,100323,100324,100325,100326,100327,100328,100329,100330,100331,100332,100333,100334,100335,100336,100337,100338,100339,100340,100341,100342,100343,100344,100345,100346,100347																																						
2005163	20051	35			1	1	9	22000			1	2005144	2											4	2005163																																								14	2005137																																						
2005145	20051	36			1	1	9	22000			1	2005144	2											2	2005140																																								23	200513701	1																																					
2005146	20051	37			1	1	9	22000			1	2005144	2											2	2005141																																								23	200513701	1																																					
2005147	20051	38			1	1	9	22000			1	2005144	2											2	2005142																																								23	200513701	1																																					
2005148	20051	39			1	1	9	22000			1	2005144	2											2	2005143																																								23	200513701	1																																					
2005164	20051	40			1	1	9	22000			1	2005144	2											2	2005155																																																																															
2005165	20051	41			1	1	9	22000			1	2005164	3		1	2005137	2																																																14	2005144																																						
2005149	20051	42				1	9	22000			1	2005137	3											2	2005154																	2	2005153									2		1465		1009	2	2	0																						29	100316,100317,100318,100319,100320,100321,100322,100323,100324,100325,100326,100327,100328,100329,100330,100331,100332,100333,100334,100335,100336,100337,100338,100339,100340,100341,100342,100343,100344,100345,100346,100347		14	2005137					29	100316,100317,100318,100319,100320,100321,100322,100323,100324,100325,100326,100327,100328,100329,100330,100331,100332,100333,100334,100335,100336,100337,100338,100339,100340,100341,100342,100343,100344,100345,100346,100347													
2005150	20051	43			1	1	9	22000			1	2005149	3											24	200515001			1																																		1			29	100316,100317,100318,100319,100320,100321,100322,100323,100324,100325,100326,100327,100328,100329,100330,100331,100332,100333,100334,100335,100336,100337,100338,100339,100340,100341,100342,100343,100344,100345,100346,100347															29	100316,100317,100318,100319,100320,100321,100322,100323,100324,100325,100326,100327,100328,100329,100330,100331,100332,100333,100334,100335,100336,100337,100338,100339,100340,100341,100342,100343,100344,100345,100346,100347																						
2005151	20051	44				1	9	22000			1	2005149	3		1	2005108	3							24	200515001			1																								2		140301		1009	2	2	0			1			29	100316,100317,100318,100319,100320,100321,100322,100323,100324,100325,100326,100327,100328,100329,100330,100331,100332,100333,100334,100335,100336,100337,100338,100339,100340,100341,100342,100343,100344,100345,100346,100347															29	100316,100317,100318,100319,100320,100321,100322,100323,100324,100325,100326,100327,100328,100329,100330,100331,100332,100333,100334,100335,100336,100337,100338,100339,100340,100341,100342,100343,100344,100345,100346,100347																	1465,140301,143101,153701,141301,1403,1431,1537,1413,1404,1414					
2005152	20051	45				1	9	22000			1	2005149	3		1	2005109	3							24	200515001			1																								2		143101		1009	2	2	0			1			29	100316,100317,100318,100319,100320,100321,100322,100323,100324,100325,100326,100327,100328,100329,100330,100331,100332,100333,100334,100335,100336,100337,100338,100339,100340,100341,100342,100343,100344,100345,100346,100347															29	100316,100317,100318,100319,100320,100321,100322,100323,100324,100325,100326,100327,100328,100329,100330,100331,100332,100333,100334,100335,100336,100337,100338,100339,100340,100341,100342,100343,100344,100345,100346,100347																	1465,140301,143101,153701,141301,1403,1431,1537,1413,1404,1414					
2005153	20051	46				1	9	22000			1	2005149	3		1	2005110	3							24	200515001			1																								2		153701		1009	2	2	0			1			29	100316,100317,100318,100319,100320,100321,100322,100323,100324,100325,100326,100327,100328,100329,100330,100331,100332,100333,100334,100335,100336,100337,100338,100339,100340,100341,100342,100343,100344,100345,100346,100347															29	100316,100317,100318,100319,100320,100321,100322,100323,100324,100325,100326,100327,100328,100329,100330,100331,100332,100333,100334,100335,100336,100337,100338,100339,100340,100341,100342,100343,100344,100345,100346,100347																	1465,140301,143101,153701,141301,1403,1431,1537,1413,1404,1414					
2005154	20051	47				1	9	22000			1	2005149	3		1	2005111	3							24	200515001			1																								2		141301		1009	2	2	0			1			29	100316,100317,100318,100319,100320,100321,100322,100323,100324,100325,100326,100327,100328,100329,100330,100331,100332,100333,100334,100335,100336,100337,100338,100339,100340,100341,100342,100343,100344,100345,100346,100347															29	100316,100317,100318,100319,100320,100321,100322,100323,100324,100325,100326,100327,100328,100329,100330,100331,100332,100333,100334,100335,100336,100337,100338,100339,100340,100341,100342,100343,100344,100345,100346,100347																	1465,140301,143101,153701,141301,1403,1431,1537,1413,1404,1414					
2005155	20051	48				1	9	22000			1	2005149	3		1	2005112	3							24	200515001			1																								2		1465		1009	2	2	0			1			29	100316,100317,100318,100319,100320,100321,100322,100323,100324,100325,100326,100327,100328,100329,100330,100331,100332,100333,100334,100335,100336,100337,100338,100339,100340,100341,100342,100343,100344,100345,100346,100347															29	100316,100317,100318,100319,100320,100321,100322,100323,100324,100325,100326,100327,100328,100329,100330,100331,100332,100333,100334,100335,100336,100337,100338,100339,100340,100341,100342,100343,100344,100345,100346,100347																						
2005156	20051	49				1	9	22000			1	2005149	3		1	2005113	3							24	200515001			1																								2		1465		1009	2	2	0			1			29	100316,100317,100318,100319,100320,100321,100322,100323,100324,100325,100326,100327,100328,100329,100330,100331,100332,100333,100334,100335,100336,100337,100338,100339,100340,100341,100342,100343,100344,100345,100346,100347															29	100316,100317,100318,100319,100320,100321,100322,100323,100324,100325,100326,100327,100328,100329,100330,100331,100332,100333,100334,100335,100336,100337,100338,100339,100340,100341,100342,100343,100344,100345,100346,100347																						
2005157	20051	50				1	9	22000			1	2005149	3		1	2005114	3							24	200515001			1																								2		1465		1009	2	2	0			1			29	100316,100317,100318,100319,100320,100321,100322,100323,100324,100325,100326,100327,100328,100329,100330,100331,100332,100333,100334,100335,100336,100337,100338,100339,100340,100341,100342,100343,100344,100345,100346,100347															29	100316,100317,100318,100319,100320,100321,100322,100323,100324,100325,100326,100327,100328,100329,100330,100331,100332,100333,100334,100335,100336,100337,100338,100339,100340,100341,100342,100343,100344,100345,100346,100347																						
2005159	20051	51				1	9	22000			1	2005149	3		1	2005115	3							24	200515001			1																								2		1465		1009	2	2	0			1			29	100316,100317,100318,100319,100320,100321,100322,100323,100324,100325,100326,100327,100328,100329,100330,100331,100332,100333,100334,100335,100336,100337,100338,100339,100340,100341,100342,100343,100344,100345,100346,100347															29	100316,100317,100318,100319,100320,100321,100322,100323,100324,100325,100326,100327,100328,100329,100330,100331,100332,100333,100334,100335,100336,100337,100338,100339,100340,100341,100342,100343,100344,100345,100346,100347																						
2005170	20051	52			1	1	9	22000			1	2005149	3		1	2005108	3							119	1	1																																				1			33	2			23	200515001	1																																	
2005171	20051	53			1	1	9	22000			1	2005149	3		1	2005108	3							119	1	2																																				1			33	6			23	200515001	1																																	
2005172	20051	54			1	1	9	22000			1	2005149	3		1	2005108	3							119	1	3																																				1			33	10			23	200515001	1																																	
2005173	20051	55			1	1	9	22000			1	2005149	3		1	2005108	3							119	1	4																																				1			33	14			23	200515001	1																																	
2005174	20051	56			1	1	9	22000			1	2005149	3		1	2005108	3							119	1	5																																				1			33	14			23	200515001	1																																	
2005175	20051	57			1	1	9	22000			1	2005149	3		1	2005109	3							119	1	1																																				1			33	1			23	200515001	1																																	
2005176	20051	58			1	1	9	22000			1	2005149	3		1	2005109	3							119	1	2																																				1			33	5			23	200515001	1																																	
2005177	20051	59			1	1	9	22000			1	2005149	3		1	2005109	3							119	1	3																																				1			33	9			23	200515001	1																																	
2005178	20051	60			1	1	9	22000			1	2005149	3		1	2005109	3							119	1	4																																				1			33	13			23	200515001	1																																	
2005179	20051	61			1	1	9	22000			1	2005149	3		1	2005109	3							119	1	5																																				1			33	13			23	200515001	1																																	
2005180	20051	62			1	1	9	22000			1	2005149	3		1	2005110	3							119	1	1																																				1			33	4			23	200515001	1																																	
2005181	20051	63			1	1	9	22000			1	2005149	3		1	2005110	3							119	1	2																																				1			33	8			23	200515001	1																																	
2005182	20051	64			1	1	9	22000			1	2005149	3		1	2005110	3							119	1	3																																				1			33	12			23	200515001	1																																	
2005183	20051	65			1	1	9	22000			1	2005149	3		1	2005110	3							119	1	4																																				1			33	16			23	200515001	1																																	
2005184	20051	66			1	1	9	22000			1	2005149	3		1	2005110	3							119	1	5																																				1			33	16			23	200515001	1																																	
2005185	20051	67			1	1	9	22000			1	2005149	3		1	2005111	3							119	1	1																																				1			33	3			23	200515001	1																																	
2005186	20051	68			1	1	9	22000			1	2005149	3		1	2005111	3							119	1	2																																				1			33	7			23	200515001	1																																	
2005187	20051	69			1	1	9	22000			1	2005149	3		1	2005111	3							119	1	3																																				1			33	11			23	200515001	1																																	
2005188	20051	70			1	1	9	22000			1	2005149	3		1	2005111	3							119	1	4																																				1			33	15			23	200515001	1																																	
2005189	20051	71			1	1	9	22000			1	2005149	3		1	2005111	3							119	1	5																																				1			33	15			23	200515001	1																																	
2005158	20051	72				1	9	22000			1	2005150	3											2	2005150																											2		1465		1009	3	2	0	1		1			24	22000															29	100316,100317,100318,100319,100320,100321,100322,100323,100324,100325,100326,100327,100328,100329,100330,100331,100332,100333,100334,100335,100336,100337,100338,100339,100340,100341,100342,100343,100344,100345,100346,100347																	1465,140301,143101,153701,141301,1403,1431,1537,1413,1404,1414					
2005201	20052	1					9	20203																20			1330035041																									1		Q20052Test 	30	3	1	2				1																												19	3	133003504,2												
2005202	20052	2				1	9	20203			1	2005201	3											20			1330035042																									1		Q20052Test 	30	3	2	2				1																												19	3	133003504,3												
2005203	20052	3				1	9	20203			1	2005202	3											20			1330035043																									1		Q20052Test 	30	3	3	2		1		1																												19	3	133003504,4												
2005301	20053	1					9	21602																2	2005301																											2		1605		3	1	1				1																												19	3	133004270,1							1605					
2005302	20053	2				1	9	21602			1	2005301	3											20			133004270	1														20			13300427001	1						1		Event_21600_01	30	3	2	2				1																			19	3	133004270,1	14	2005302					19	3	133004270,4							1605					
2005303	20053	3				1	9	21602			1	2005302	3											2	2005303																											2		1605		3	3	2		1		1			19	3	133004270,1		24	21602											19	3	133004270,1																1605					
2005401	20054	1					9	22100																2	20054011																											2		1441		3	1	1				1	100356	1																										1	100356	1							1441,1533					
2005402	20054	2			1	1	9	22100			1	2005401	3											4	2005402																	8	2005402																																						1	100356	1																					
2005403	20054	2			1	1	9	22100			1	2005401	3											4	2005403																	8	2005403																																						1	100356	1																					
2005404	20054	2			1	1	9	22100			1	2005401	3											4	2005404																	8	2005404																																						1	100356	1																					
2005405	20054	2			1	1	9	22100			1	2005401	3											4	2005405																	8	2005405																																						1	100356	1																					
2005406	20054	2			1	1	9	22100			1	2005401	3											4	2005406																	8	2005406																																						1	100356	1																					
2005407	20054	3				1	9	22100			1	2005402	3											5	112011			1																																		1																			1	100356	1																					
2005408	20054	4				1	9	22100			1	2005403	3											5	112005			1																																		1																			1	100356	1																					
2005409	20054	5				1	9	22100			1	2005404	3											5	112002			1																																		1																			1	100356	1																					
2005410	20054	6				1	9	22100			1	2005405	3											5	112008			1																																		1																			1	100356	1																					
2005411	20054	7				1	9	22100			1	2005406	3											5	112014			1																																		1																			1	100356	1																					
2005412	20054	8				1	9	22100			1	2005407	3											2	20054071																											2		1533		3	3	1		1		1			24	22100			1	100356	1		33	0							1	100356	1																1441,1533					
2005413	20054	9				1	9	22100			1	2005408	3											2	20054081																											2		1533		3	3	1		1		1			24	22100			1	100356	1		33	1							1	100356	1																1441,1533					
2005414	20054	10				1	9	22100			1	2005409	3											2	20054091																											2		1533		3	3	1		1		1			24	22100			1	100356	1		33	2							1	100356	1																1441,1533					
2005415	20054	11				1	9	22100			1	2005410	3											2	20054101																											2		1533		3	3	1		1		1			24	22100			1	100356	1		33	3							1	100356	1																1441,1533					
2005416	20054	12				1	9	22100			1	2005411	3											2	20054111																											2		1533		3	3	1		1		1			24	22100			1	100356	1		33	4							1	100356	1																1441,1533					
2005417	20054	1			1	1	9	22100			1	2005401	3											2	20054121																											2		1441		3	1	1																							1	100356	1																					
2005801	20058	1					9	22200																2	2005801																											2		1601		3	1	1																																									1601					
2005802	20058	2				1	9	22200			1	2005801	3											2	2005802																											2		160101		3	2	2				1																																					1601,160101					
2005808	20058	3			1	1	9	22200																4	2005808																																					1																																										
2005809	20058	4			1	1	9	22200			24	0	1											4	2005809																																																																										1601,160101					
2005803	20058	5				1	9	22200			1	2005809	3											20			13300427501	1														20			13300427502	1																																												15	3	133004275												
2005804	20058	6				1	9	22200			1	2005803	3										2	2	2005805				2	2005811												2	2005806									2		160101		3	3	2		1		1			24	22200															14	2005808																	1601,160101					
2005805	20058	7				1	9	22200			1	2005803	4											2	2005806																											2		160101		3	2	2				1			14	2005808																																	1601,160101					
2005810	20058	8			1	1	9	22200																4	2005810																																					1																																										
2005811	20058	9			1	1	9	22200																4	2005811																																					1																																										
2005812	20058	10			1	1	9	22200																4	2005812																																					1																																										
2005901	20059	1					9	22900																2	2005901																											2		1435		3	1	1				1																																					1435,1413,141301					
2005902	20059	2				1	9	22900			1	2005901	3											2	2005902																											2		1435		3	2	2				1																																					1435,1413,141301					
2005903	20059	3			1	1	9	22900			1	2005902	3											24	200590301			1																																		1																																										
2005920	20059	4				1	9	22900			1	2005903	2		24	0	20							27	2005920																											2		1435		3	2	2				1			23	200590301	1																							28	2005920								1435,1413,141301					
2005904	20059	5			1	1	9	22900			1	2005903	3											4	2005904																																																																															
2005905	20059	6			1	1	9	22900			1	2005903	3											24	200590501			1																																																																												
2005906	20059	7			1	1	9	22900			1	2005905	2											4	2005906																																								23	200590501	1																																					
2005907	20059	8			1	1	9	22900			1	2005905	2											4	2005907																																								23	200590501	1																																					
2005908	20059	9			1	1	9	22900			1	2005905	2											4	2005908																																								23	200590501	1																																					
2005930	20059	10			1	1	9	22900			1	2005905	2		24	1	1							4	2005930																																								23	200590901	1																																					
2005950	20059	11			1	1	9	22900			1	2005905	2		24	1	1							4	2005950																																								23	200590901	1																																					
2005970	20059	12			1	1	9	22900			1	2005905	2		24	1	1							4	2005970																																								23	200590901	1																																					
2005990	20059	13			1	1	9	22900			1	2005905	2		24	1	1							4	2005990																																								23	200590901	1																																					
2005910	20059	14			1	1	9	22900			1	2005905	3											4	2005910																																																																															
2005999	20059	15			1	1	9	22900																4	2005999																																																																															
2005909	20059	16				1	9	22900			1	2005905	3											24	200590901			1																								2		1435		3	3	2		1		1			24	22900																																	1435,1413,141301					
2006001	20060	1					9	22500																2	2006001																											2		1533		3	1	2				1																												28	2006008								1533,1473					
2006002	20060	2	1			1	9	22500			1	2006001	3		8	100012	3							5	100012			3																								1		Q20060	25	3	2	2							23	200600501	1																																					
2006003	20060	3			1	1	9	22500			1	99902	3											2	2006003																																								23	200600501	1																																					
2006004	20060	4			1	1	9	22500			1	2006001	3		3	100012	3																																																23	200600501	1																																					
2006005	20060	5			1	1	9	22500			1	2006001	3											24	200600501			1																																																																							1533,1473					
2006006	20060	6			1	1	9	22500			1	2006005	3											2	2006005																																																																															
2006007	20060	7			1	1	9	22500			1	99902	3											2	2006006																																																																															
2006008	20060	8				1	9	22500			1	2006005	3											27	2006008																											2		1473		1008	2	2				1																																					1533,1473					
2006009	20060	9			1	1	9	22500			1	2006008	3											2	2006008																																					1	100351	1																																			1533,1473					
2006010	20060	10				1	9	22500			1	2006009	3											2	2006009																											2		1533		3	3	2		1		1			29	100351			24	22500											29	100351																	1533,1473					
2006101	20061	1					9	22700																2	2006101																											2		1537		3	1	1				1			19	3	133002310,2														19	3	133002310,1	19	3	133002313,1	19	3	133002313,1										1537					
2006102	20061	2				1	9	22700			1	2006101	3											6	1152																											1		Q20061Des01	20	3	4	2				1																			19	3	133002310,1	19	3	133002313,1	19	3	133002313,1										1537					
2006103	20061	2			1	1	9	22700			1	2006101	3											4	2006103																	8	2006103																																																													
2006104	20061	2			1	1	9	22700			1	2006101	3											4	2006104																	8	2006104																						19	3	133002311,2																																					
2006105	20061	3			1	1	9	22700			1	2006102	3											20			1330023101	1																																																																												
2006106	20061	4				1	9	22700			1	2006103	3											6	1148																											1		Q20061Des02	15	3	4	2				1			19	3	133002313,2														19	3	133002310,1	19	3	133002313,1	19	3	133002313,1										1537					
2006107	20061	5				1	9	22700			1	2006106	3											6	1149																											1		Q20061Des03	15	3	4	2				1			19	3	133002314,2														19	3	133002310,1	19	3	133002313,1	19	3	133002313,1										1537					
2006108	20061	6				1	9	22700			1	2006107	3											6	1150																											1		Q20061Des04	15	3	4	2				1																			19	3	133002310,1	19	3	133002313,1	19	3	133002313,1										1537					
2006109	20061	7				1	9	22700			1	2006108	3		1	2006105	2							2	2006104																	20			1330023101	1						2		1537		3	3	2		1		1			24	22700																																	1537					
2006117	20061	7				1	9	22700			1	2006108	3		1	2006105	3							2	2006105																											2		1537		3	4	2				1	100354	1																																			1537					
2006118	20061	8				1	9	22700			1	2006117	3		3	100354	1							2	2006112																											2		1419		3	4	2				1							29	100354											29	100354																	1537					
2006119	20061	9				1	9	22700			1	2006118	3											2	2006113																											2		1537		3	3	2		1		1			24	22700																																	1537					
2006110	20061	4				1	9	22700			1	2006104	3											6	1151																											1		Q20061Des02		3	4	2				1																			19	3	133002310,1																1537					
2006111	20061	5				1	9	22700			1	2006110	3											6	1153																											1		Q20061Des05	20	3	4	2				1																																					1537					
2006112	20061	6			1	1	9	22700			1	2006110	3											4	2006112																	8	2006112																						19	3	133002311,2														19	3	133002311,1																					
2006113	20061	6			1	1	9	22700			1	2006110	3											4	2006113																	8	2006113																						19	3	133002311,3														19	3	133002311,1																					
2006114	20061	7				1	9	22700			1	2006111	3											20			1330023111	1																								1		Q20061Des05	10	3	4	2				1																			19	3	133002311,1																1537					
2006115	20061	8			1	1	9	22700			1	2006111	3											5	100352																																																																															
2006116	20061	9				1	9	22700			1	2006114	3										2	2	2006109				2	2006110																						2		1537		3	3	2		1		1			24	22700			29	100352											29	100352																	1537					
2006201	20062	1					9	22400																2	2006201																											2		1604		3	1	1				1																																					1604					
2006202	20062	2				1	9	22400			1	2006201	3											20			13300422101	1														20			13300422102	1						1		Event_22400_01	20	3	2	2				1																												19	3	133004221,2	1	100365	1	19	3	133004278,2	1604					
2006203	20062	3				1	9	22400			1	2006202	3											20			13300422103	1														20			13300422102	1						1		Event_22400_01		3	4	1					100365	1																																			1604					
2006204	20062	4				1	9	22400			1	2006203	3											2	2006202																											2		1604		3	3	2		1		1			34	22400	1	1	1	100365	1		19	3	133004280,2		24	22400																					1604					
2006205	20062	2			1	1	9	22400			1	2006201	3											4	2006205																	20			13300422102	1																																																										
2006206	20062	5				1	9	22400			1	2006205	4											5	100353			1																								1		Event_22400_01	10	3	2	2				1																																					1604					
2006207	20062	6				1	9	22400			1	2006206	3											2	2006203																											2		1604		3	3	2		1		1			34	22400	1	2	1	100353	1		19	3	133004280,3		24	22400																					1604					
2006401	20064	1			1	2	1	2006207	3		1	2006204	3											20			1330042801	1																																		1																																										
2006402	20064	2			1		1	2006401	3															2	2006401																																			1		1																																										
2006301	20063	1					9	22800															2	2	2006301				2	2006302			2	2006303																		2		141301		3	1	1				1																																										
2006302	20063	2				1	9	22800			1	2006301	3		24	0	1							6	1156																											1		Q20063FireSlime	25	3	4	2				1																												19	3	133001231,3												
2006303	20063	3				1	9	22800			1	2006302	3		24	0	1							20			1330012311	1																								1		Q20063FireSlime	10	3	4	2				1																																										
2006304	20063	2				1	9	22800			1	2006301	3		24	0	2							6	1157																											1		Q20063ShieldHili	25	3	4	2				1																												19	3	133003408,2												
2006305	20063	3				1	9	22800			1	2006304	3		24	0	2							20			1330034081	1																								1		Q20063ShieldHili	10	3	4	2				1																																										
2006306	20063	2				1	9	22800			1	2006301	3		24	0	3							6	1155																											1		Q20063BigIceSlime	25	3	4	2				1																												19	3	133002233,3												
2006307	20063	3				1	9	22800			1	2006306	3		24	0	3							20			1330022331	1																								1		Q20063BigIceSlime	10	3	4	2				1																																										
2006308	20063	5				1	9	22800			24	1	1										2	2	2006312				2	2006314																						2		141301		3	3	1		1		1			24	22800																																						
2006309	20063	5				1	9	22800			24	1	2											2	2006313																											2		141301		3	3	1				1																																										
2006310	20063	5				1	9	22800			1	2006309	3		24	1	2							2	2006316																											2		140901		3	3	1		1		1			24	22800																																						
2004701	20047	1					9	21800																2	2004701																											2		1591		3	1	1				1																																					1591					
2004702	20047	2	1			1	9	21800			1	2004701	3											20			13300349001	1																								1		Event_21800_01	30	3	4	2							23	200470601	1																																					
2004703	20047	3	1			1	9	21800			1	2004701	3											20			13300349002	1																								1		Event_21800_02	30	3	4	2							23	200470601	1																																					
2004704	20047	4	1			1	9	21800			1	2004701	3											20			13300349003	1																								1		Event_21800_03	30	3	4	2							23	200470601	1																																					
2004705	20047	5	1			1	9	21800			1	2004701	3											20			13300349004	1																								1		Event_21800_04	30	3	4	2							23	200470601	1																																					
2004706	20047	6			1	1	9	21800			1	2004701	3											24	200470601			4																																		1																			19	3	133003490,1							19	3	133003490,2							1591					
2004708	20047	7			1	1	9	21800			1	2004701	3											4	2004708																																					1																																										
2004707	20047	8				1	9	21800			1	2004706	3											2	2004703																											2		1591		3	3	2		1		1			19	3	133003490,1		24	21800																													1591					
2004201	20042	1					9	21400															2	2	2004202				2	2004203																						2		147101		3	1	1				1																																					147101,160201,1471,1602					
2004202	20042	2				1	9	21400			1	2004201	3										2	2	2004211				2	2004212			2	2004213																		2		160201		3	2	2				1																																					147101,160201,1471,1602					
2004203	20042	3	1			1	9	21400			1	2004202	3											20			1330042711	9																								1		Q20042TargetPos	100	3	2	2				1			19	3	133004271,1		19	3	133004911,2										19	3	133004271,1	19	3	133004911,2				19	3	133004271,2	19	3	133004911,1				147101,160201,1471,1602					
2004204	20042	4				1	9	21400			1	2004203	3											2	2004206																											2		160201		3	2	2				1																																					147101,160201,1471,1602					
2004205	20042	5				1	9	21400			1	2004204	3											2	2004207																											2		1471		1008	3	2		1					24	21400																																	147101,160201,1471,1602					
2004301	20043	1					9	21500																2	2004301																											2		142101		3	1	1				1																																					142101,140301,1421,1403					
2004306	20043	2			1	1	9	21500			1	2004301	3											6	1146																											2		140301		3	2	2				1																																										
2004307	20043	3			1	1	9	21500			1	2004301	3											2	2004308																											2		140301		3	2	2				1																																										
2004302	20043	4				1	9	21500			1	2004301	3											2	2004303																											2		140301		3	2	2				1																																					142101,140301,1421,1403					
2004303	20043	5	1			1	9	21500			1	2004302	3											5	100002			3																													2	2				1																																					142101,140301,1421,1403					
2004304	20043	6				1	9	21500			1	2004303	3											2	2004305																	111	100002	3								2		140301		3	2	2				1			1	100002	3														14	2004303																	142101,140301,1421,1403					
2004305	20043	7				1	9	21500			1	2004304	3											2	2004306																											2		142101		3	3	2		1		1			24	21500																																	142101,140301,1421,1403					
2004901	20049	1					9	21900																2	2004901																											2		146101		1009	1	1				1																																					146101,146301,1403					
2004902	20049	2				1	9	21900			1	2004901	3											2	2004902																											2		146301		3	2	2				1			19	3	133004912,1														19	3	133004912,1							19	3	133004912,2							146101,146301,1403					
2004903	20049	3	1			1	9	21900			1	2004902	3											5	100002			5																																		1			1	100002	5																																146101,146301,1403					
2004904	20049	4				1	9	21900			1	2004903	3											2	2004906																											2		1403		3	2	2				1																																					146101,146301,1403					
2004905	20049	5				1	9	21900			1	2004904	3											2	2004908																											2		146101		1009	3	2		1		1			24	21900																																	146101,146301,1403					
2006501	20065	1					9	21603																2	2006501																											2		1605		3	1	1				1																												19	3	133004270,1							1605					
2006502	20065	2				1	9	21603			1	2006501	3											20			133004270	1														20			13300427001	1						1		Event_21600_01	10	3	2	2				1																			19	3	133004270,1	14	2006502					19	3	133004270,2							1605					
2006503	20065	3				1	9	21603			1	2006502	3											2	2006503																											2		1605		3	3	2		1		1			19	3	133004270,1		24	21603											19	3	133004270,1																1605					
2006601	20066	1					9	21604																2	2006601																											2		1605		3	1	1				1																												19	3	133004270,1							1605					
2006602	20066	2				1	9	21604			1	2006601	3											20			133004270	1														20			13300427001	1						1		Event_21600_01	10	3	2	2				1																			19	3	133004270,1	14	2006602					19	3	133004270,5							1605					
2006603	20066	3				1	9	21604			1	2006602	3											2	2006603																											2		1605		3	3	2		1		1			19	3	133004270,1		24	21604											19	3	133004270,1																1605					
2050001	20500	1			1		17	6															2	5	104011				5	104012			5	104013																																																																						0.1
2050002	20500	2			1		1	35802	3															10	3																																																																															0.1
2050003	20500	3			1	2	1	2050001	3		1	2050002	3											4	2050003																																			1		1																																										0.1
2050101	20501	1				2	1	31101	3		17	12												9	4100	0																										1		Q20501Target1		3	2					1																																										0.1
2050102	20501	2					1	2050101	3															2	2050105																	19	4100																																						14	2050101																	141301					0.1
2050103	20501	3					1	2050102	3															11	4100																	19	4100																																						14	2050101																						0.1
2050104	20501	4					1	2050103	3															2	2050109																											2		1512		3	3			1		1																																						1512				0.1
2050105	20501	5					1	99902	3															2	2050105																	19	4100																			1																			14	2050101																					0.2	
2050106	20501	6					1	99902	3															2	2050106																	19	4400																			1																			14	2050101																					0.2	
2050107	20501	7					1	99902	3															2	2050107																	19	4200																			1																			14	2050101																					0.2	
2050108	20501	8					1	99902	3															2	2050108																	19	4300																			1																			14	2050101																					0.2	
2050109	20501	9					1	99902	3															2	2050109																											2		1512		3	3			1		1																																									0.2	
2050110	20501	10					1	99902	3															2	2050109																											2		1512		3	3			1		1																																									0.2	
2051001	20510	1			1		1	2050101	3															2	2050105																																			1		1																																										
2050201	20502	1					1	99902	3															9	4200	44																										1		Q20502Target1		3	4					1																																									0.2	
2050202	20502	2					1	2050201	3															113	4200																	19	4200									1		Q20502Target2		40200	2	1		1		1																			14	2050201																					0.2	
2050301	20503	1			1		1	35802	3															10	3																																					1																																										0.1
2050302	20503	2					1	2050301	3															2	2050302																											2		1417		3	1					1			19	3	133003808,1																																				0.2	
2050303	20503	3			1		1	2050301	3															6	1142																																																																															0.1
2050304	20503	4					1	2050302	3															5	101001			3																								1		Q20503Target	40	3						1																																									0.2	
2050305	20503	5					1	2050304	3															2	2050305																											2		1417		3	3					1																																									0.2	
2050306	20503	6			1		1	2050305	3															2	2050306																																			1																																												0.1
2050401	20504	1				1	17	9			1	31101	3											2	2050401																											2		1435		3	1					1																																									0.2	
2050402	20504	2			1	1	17	9			1	31101	3											6	1141																																																																															0.1
2050403	20504	3			1		1	2050401	3															2	2050403																																			1																																												0.1
2050501	20505	1					17	14																2	2050501																											2		1512		3	1					1																																									0.2	
2050502	20505	2			1		1	2050501	3															2	2050502																																			1																																												0.1
2050601	20506	1					17	15																2	2050601																											2		1587		3	1					1																																									0.2	
2050602	20506	2			1		1	2050601	3															2	2050602																																			1																																												0.1
2050701	20507	1			1																			23	3	10																																				1																																										0.1
2050702	20507	2			1		1	2050701	3															4	2050702																																			1		1																																										0.1
2050801	20508	1			1																			11	4100																																					1																																										0.1
2050802	20508	2			1		1	2050801	3														2	113	4100				10	3																														1																																												0.1
2050803	20508	3			1																			11	4200																																					1																																										0.1
2050804	20508	4			1		1	2050803	3														2	113	4200				10	3																														1																																												0.1
2050805	20508	5			1																			11	4300																																					1																																										0.1
2050806	20508	6			1		1	2050805	3														2	113	4300				10	3																														1																																												0.1
2050807	20508	7			1																			11	4400																																					1																																										0.1
2050808	20508	8			1		1	2050807	3														2	113	4400				10	3																														1																																												0.1
2050901	20509	1			1																			4	2050901																																					1																																										0.1
2050902	20509	2			1		1	2050901	3															4	2050902																																			1		1																																										0.1
2010001	20100	1			1		1	35801	3															2	35801																																			1																																												0.1
2002001	20020	1			1																			20			VisionRiddle	1																																																																												
2002002	20020	2			1		1	2002001	3															4	2002002																																																																															
2002003	20020	3			1		1	2002002	3															4	2002003																																			1					15	50008	250008095																																					
2003001	20030	1			1		1	30904	3															20			133004909	1																								2		1512		3	1	1				1																												19	3	133004909,2											0.2	
2003002	20030	2			1		1	30904	3															2	2003001																											2		1512		3	2	2																																													0.2	
2003003	20030	3			1	1	1	30904	3		1	2003002	3											2	2003002																											2		1512		3	3	2				1																																									0.2	
2003004	20030	4					1	30904	3															2	2003002																											2		1512		3	3	2		1																																											0.2	
2003101	20031	1					17	12															2	2	2003101				2	2003104																						2		1512		3	1	1				1																																									0.2	
2003102	20031	2			1		17	12																2	2003101																	8	2003102									2		1512		3						1																																									0.2	
2003103	20031	3			1		1	2003102	3														1	2	2010137				2	2003102																						2		1512		3	2	2				1																																									0.2	
2003104	20031	4			1		1	2003103	3															2	2003103																											2		1512		3	3	2		1		1																																									0.2	
2003105	20031	5			1	1	1	2003201	3		1	2003102	2										1	2	2010137				2	2003104												8	2003105									2		1512		3						1																																									0.2	
2003106	20031	6					1	2003105	3															2	2003105																											2		1512		3	3	2		1		1																																									0.2	
2003107	20031	7					1	2003102	3															2	2003103																											2		1512		3	3	2		1		1																																									0.2	
2003108	20031	8			1		1	99902	3															2	2003104																											2		1512		3						1																																									0.2	
2003109	20031	9			1		1	99902	3															2	2003105																											2		1512		3				1		1																																									0.2	
2003201	20032	1			1		17	14																4	2003201																											2		1512		3						1																																									0.2	
2003202	20032	2			1	2	1	2003201	3		1	2003101	3											4	2003202																											2		1512		3				1		1																																									0.2	
2003301	20033	1					1	99902	3															2	2003301																																																																														0.2	
2003302	20033	2					1	2003301	3															20			133003488																									1		QUEST_20033		3																																		19	3	133003488,2											0.2	
2003303	20033	3					1	2003302	3															2	2003303																																			1																																											0.2	
2003304	20033	4					1	2003303	3															2	2003303																																			1																																											0.2	
2003305	20033	5					1	2003304	3															2	2003303																																			1																																											0.2	
2003306	20033	5					1	2003305	3															2	2003303																																			1																																											0.2	
6000001	60000	1			1		10	1101	1															114	3	2		1																																																																												
6000101	60001	2			1		10	1101	1															116	0	1		3																																																																												
6000201	60002	3			1		10	1101	1															115	1		70210011,70210012,70210013,70210014,70210021,70210022,70210023,70210024,70210031,70210032,70210033,70210034,70210041,70210042,70210043,70210044,70210051,70210052,70210053,70210054,70211001,70211002,70211011,70211012,70211021,70211022,70211031,70211032,70211101,70211102,70211103,70211104,70211111,70211112,70211121,70211122,70211131,70211132	20																																																																												
6000301	60003	4			1		10	1101	1															109	3		3,1																																																																													
6010101	60101	1			1		10	1101	1															114	3	3		1																																																																												
6010201	60102	2			1		10	1101	1															116	0	1		6																																																																												
6010301	60103	3			1		10	1101	1															115	1		70210011,70210012,70210013,70210014,70210021,70210022,70210023,70210024,70210031,70210032,70210033,70210034,70210041,70210042,70210043,70210044,70210051,70210052,70210053,70210054,70211001,70211002,70211011,70211012,70211021,70211022,70211031,70211032,70211101,70211102,70211103,70211104,70211111,70211112,70211121,70211122,70211131,70211132	40																																																																												
6010401	60104	4			1		10	1101	1															109	5		3,1																																																																													
6010501	60105	5			1		10	1101	1															3	22010201			1																								1		AM0001SYFS		3	4	2																																														
6010601	60106	6			1		10	1101	1															3	24010101			1																								1		AM0001YJSW		3	4	2																																														
6010701	60107	7			1		10	1101	1															5	101001																																																																															
6020101	60201	1			1		10	1101	1															114	3	4		1																																																																												
6020201	60202	2			1		10	1101	1															116	0	1		10																																																																												
6020301	60203	3			1		10	1101	1															115	1		70210011,70210012,70210013,70210014,70210021,70210022,70210023,70210024,70210031,70210032,70210033,70210034,70210041,70210042,70210043,70210044,70210051,70210052,70210053,70210054,70211001,70211002,70211011,70211012,70211021,70211022,70211031,70211032,70211101,70211102,70211103,70211104,70211111,70211112,70211121,70211122,70211131,70211132	100																																																																												
6020401	60204	4			1		10	1101	1															109	8		3,1																																																																													
6020501	60205	5			1		10	1101	1															3	20040101			1																								1		AM0001WXZL		3	4	2																																														
6020601	60206	6			1		10	1101	1															20			133002259	1																								1		AM0001BFL		3	4	2																																														
6020701	60207	7			1		10	1101	1															5	101001																																																																															
6020801	60208	8			1		10	1101	1															117				4																																																																												
6020901	60209	9			1		10	1101	1															123	4	5		1																																																																												
