对话ID	触发方式	启用模式	[触发条件]组合	[触发条件]1类型	[触发条件]1参数1	[触发条件]1参数2	[触发条件]2类型	[触发条件]2参数1	[触发条件]2参数2	[触发条件]3类型	[触发条件]3参数1	[触发条件]3参数2	优先级	后续对话ID	初始台词ID	演员NpcID	专属父任务ID
6151701	2	1											3	6151702,6151703,6151704	615170101	1517	
6151702	2	1											1		615170201	1517	
6151703	2	1											1		615170301	1517	
6151704	2	1											1		615170401	1517	
6151905	2	1		1	35901	2							4	6151906,6151902,6151903,6151904	615190501	1519	
6151906	2	1		1	35901	2							1		615190601	1519	
6151901	2	1											3	6151902,6151903,6151904	615190101	1519	
6151902	2	1											1		615190201	1519	
6151903	2	1											1		615190301	1519	
6151904	2	1											1		615190401	1519	
6152101	2	1											3	6152102,6152103,6152104	615210101	1521	
6152102	2	1											1		615210201	1521	
6152103	2	1											1		615210301	1521	
6152104	2	1											1		615210401	1521	
6152301	2	1											3	6152302,6152303	615230101	1523	
6152302	2	1											1		615230201	1523	
6152303	2	1											1		615230301	1523	
6152501	2	1											3	6152502,6152503	615250101	1525	
6152502	2	1											1		615250201	1525	
6152503	2	1											1		615250301	1525	
6152701	2	1											3	6152702,6152703	615270101	1527	
6152702	2	1											1		615270201	1527	
6152703	2	1											1		615270301	1527	
6152901	2	1											3	6152902,6152903	615290101	1529	
6152902	2	1											1		615290201	1529	
6152903	2	1											1		615290301	1529	
6153101	2	1											3	6153102,6153103,6153104	615310101	1531	
6153102	2	1											1		615310201	1531	
6153103	2	1											1		615310301	1531	
6153104	2	1											1		615310401	1531	
6153501	2	1											3	2002603,6153502,6153503,6153504	615350101	1535	
6153502	2	1											1		615350201	1535	
6153503	2	1											1		615350301	1535	
6153504	2	1											1		615350401	1535	
6153901	2	1											3	6153902,6153903,6153904	615390101	1539	
6153902	2	1											1		615390201	1539	
6153903	2	1											1		615390301	1539	
6153904	2	1											1		615390401	1539	
6154101	2	1											3	6154102,6154103,6154104	615410101	1541	
6154102	2	1											1		615410201	1541	
6154103	2	1											1		615410301	1541	
6154104	2	1											1		615410401	1541	
6154301	2	1		21	1								3	6154302,6154303,6154304	615430101	1543	
6154302	2	1		21	1								1		615430201	1543	
6154303	2	1		21	1								1		615430301	1543	
6154304	2	1		21	1								1		615430401	1543	
6154305	2	1		21	0								3	6154306,6154307,6154308	615430501	1543	
6154306	2	1		21	0								1		615430601	1543	
6154307	2	1		21	0								1		615430701	1543	
6154308	2	1		21	0								1		615430801	1543	
6154501	2	1											3	6154502,6154503	615450101	1545	
6154502	2	1											1		615450201	1545	
6154503	2	1											1		615450301	1545	
6154701	2	1											3	6154702,6154703	615470101	1547	
6154702	2	1											1		615470201	1547	
6154703	2	1											1		615470301	1547	
6155301	2	1											3	6155302,6155303	615530101	1553	
6155302	2	1											1		615530201	1553	
6155303	2	1											1		615530301	1553	
6155501	2	1											3	6155502,6155503,6155504	615550101	1555	
6155502	2	1											1		615550201	1555	
6155503	2	1											1		615550301	1555	
6155504	2	1											1		615550401	1555	
6156101	2	1											3	6156102,6156103,6156104	615610101	1561	
6156102	2	1											1		615610201	1561	
6156103	2	1											1		615610301	1561	
6156104	2	1											1		615610401	1561	
6156701	2	1											3	6156702,6156703,6156704	615670101	1567	
6156702	2	1											1		615670201	1567	
6156703	2	1											1		615670301	1567	
6156704	2	1											1		615670401	1567	
6156901	2	1											3	6156902,6156903	615690101	1569	
6156902	2	1											1		615690201	1569	
6156903	2	1											1		615690301	1569	
6155701	2	1											3	6155702,6155703	615570101	1557	
6155702	2	1											1		615570201	1557	
6155703	2	1											1		615570301	1557	
6155101	2	1											3	6155102,6155103,6155104	615510101	1551	
6155102	2	1											1		615510201	1551	
6155103	2	1											1		615510301	1551	
6155104	2	1											1		615510401	1551	
6156501	2	1											3	6156502,6156503,6156504	615650101	1565	
6156502	2	1											1		615650201	1565	
6156503	2	1											1		615650301	1565	
6156504	2	1											1		615650401	1565	
6158901	2	1											3	6158902,6158903	615890101	1589	
6158902	2	1											1		615890201	1589	
6158903	2	1											1		615890301	1589	
6159101	2	1											3	6159102,6159103	615910101	1591	
6159102	2	1											1		615910201	1591	
6159103	2	1											1		615910301	1591	
6159201	2	1											3	6159202,6159203	615920101	1592	
6159202	2	1											1		615920201	1592	
6159203	2	1											1		615920301	1592	
6154901	2	1											3	6154903,6154904	615490101	1549	
6154903	2	1											1		615490301	1549	
6154904	2	1											1		615490401	1549	
6153301	2	1											3	6153304,6153305,6153306	615330101	1533	
6153304	2	1											1		615330401	1533	
6153305	2	1											1		615330501	1533	
6153306	2	1											1		615330601	1533	
6153701	2	1		21	1								3	2006101,2006104,2006105,2006109,2006110,2006113,6153702,6153703,6153704	615370101	1537	
6153702	2	1		21	1								1		615370201	1537	
6153703	2	1		21	1								1		615370301	1537	
6153704	2	1		21	1								1		615370401	1537	
6153705	2	1		21	0								3	2006101,2006104,2006105,2006109,2006110,2006113,6153706,6153707,6153709	615370501	1537	
6153706	2	1		21	0								1		615370601	1537	
6153707	2	1		21	0								1		615370701	1537	
6153709	2	1		21	0								1		615370901	1537	
6156301	2	1											3	6156302,6156303,6156304	615630101	1563	
6156302	2	1		1	41803	2							1		615630201	1563	
6156303	2	1		1	41803	3							1		615630301	1563	
6156304	2	1											1		615630401	1563	
6155901	2	1		1	30904	2							3	6155903,6155905	615590101	1559	
6155902	2	1		1	30904	3							3	6155904,6155905	615590201	1559	
6155903	2	1											1		615590301	1559	
6155904	2	1											1		615590401	1559	
6155905	2	1											1		615590501	1559	
6159501	2	1											1		615950101	1595	
6159601	2	1											1		615960101	1596	
6158101	2	1											3	6158102,6158103,6158104	615810101	1581	
6158102	2	1											1		615810201	1581	
6158103	2	1											1		615810301	1581	
6158104	2	1											1		615810401	1581	
6158301	2	1											3	6158302,6158303,6158304	615830101	1583	
6158302	2	1											1		615830201	1583	
6158303	2	1											1		615830301	1583	
6158304	2	1											1		615830401	1583	
6158501	2	1											3	6158502,6158503,6158504	615850101	1585	
6158502	2	1											1		615850201	1585	
6158503	2	1											1		615850301	1585	
6158504	2	1											1		615850401	1585	
6158701	2	1											3	2003901,2003907,2003908,2003909,2003910,2003911,2003912,2003913,2003914,2003915,6158705,6158702,6158703,6158704	615870101	1587	
6158702	2	1											1		615870201	1587	
6158703	2	1											1		615870301	1587	
6158704	2	1											1		615870401	1587	
6158705	2	1		10	30	1							1		615870501	1587	
40150	2	1													4015140101	1401	
40151	2	1		21	1										4015140301	1403	
40152	2	1		21	0										4015140401	1404	
40153	2	1											3	46413,41715,41716	4015140501	1405	
41715	2	1											1		4015140502	1405	
41716	2	1											1		4015140505	1405	
6009301	2	1											5	6009302,6009303	4015140501	93	
6009302	2	1											1		4015140502	93	
6009303	2	1											1		4015140505	93	
40154	2	1													4015140801	1408	
6140901	2	1		1	35901	2							4	6140902,46111,46110,40215,40216,40217	614090101	1409	
6140902	2	1		1	35901	2							1		614090201	1409	
40155	2	1											3	46111,46110,40215,40216,40217	4015140901	1409	
40215	2	1											1	40218	4015140902	1409	
40216	2	1											1	40219	4015140903	1409	
40217	2	1											1	40220	4015140904	1409	
40218	2	1											1		4015140905	1409	
40219	2	1											1		4015140909	1409	
40220	2	1											1		4015140913	1409	
40156	2	1		21	0										4015141001	1410	
40157	2	1		21	1								3	46113,46105,40221,40223	4015141101	1411	
40221	2	1											1		4015141102	1411	
40222	2	1											1		4015141103	1411	
40223	2	1											1		4015141104	1411	
40158	2	1		21	0								3	40227,40229	4015141201	1411	
40227	2	1											1		4015141202	1411	
40229	2	1											1		4015141204	1411	
40159	2	1											3	46114,46106,40224,40225,40226	4015141301	1413	
40224	2	1											1		4015141302	1413	
40225	2	1											1		4015141303	1413	
40226	2	1											1		4015141304	1413	
40160	2	1		21	0										4015141401	1414	
40161	2	1													4015146701	1467	
6141702	2	1		1	35901	2							4	46411,6141701,6141704,41712,6141703,41713,41714	614170201	1417	
6141703	2	1		1	35901	2							1		614170301	1417	
40162	2	1											2	46411,6141701,6141704,41712,41713,41714	4015141701	1417	
6141701	2	1	1	10	37	1	27	0					1		614170101	1417	
6141704	2	1	1	10	37	1	27	1					1		614170401	1417	
41712	2	1		10	1003	1							1		4015141702	1417	
41713	2	1											1		4015141714	1417	
41714	2	1											1		4015141705	1417	
40163	2												2	2000601,2000604,2002601,2002602,2002604,2001601,2001602,2006112,46417,1010005,41701,41702,41703	4015141901	1419	
41701	2	1		10	1005	1							1		4015141902	1419	
41702	2	1											1		4015141916	1419	
41703	2	1											1		4015141905	1419	
40164	2	1													4015142101	1421	
40165	2	1											3	6142301,6142302,6142303,46406,41704,41705,41706	4015142351	1423	
41704	2	1		10	1004	1							1		4015142302	1423	
41705	2	1											1		4015142313	1423	
41706	2	1											1		4015142305	1423	
6142301	2	1		19	1								1		614230101	1423	
6142302	2	1		19	2								1		614230201	1423	
6142303	2	1		19	3								1		614230301	1423	
6142304	2	1		19	3								1		614230401	1423	
40166	2	1											3	1010061,46410,41710,41711	4015142501	1425	
6142501	2	1											1		614250101	1425	
41710	2	1											1		4015142519	1425	
41711	2	1											1		4015142505	1425	
40167	2	1													4015142701	1427	
40168	2	1		21	1										4015142901	1429	
40169	2	1		21	0										4015143001	1430	
40170	2	1													4015143101	1431	
6143302	2	1		1	35901	2							4		614330201	1433	
6143303	2	1		1	35901	2							4		614330301	1433	
6143304	2	1		1	35901	2							4		614330401	1433	
40171	2	1											3		4015143301	1433	
40172	2	1											1		4015143501	1435	
40192	2	1											2	46407,41707,41708,41709	4015143551	1435	
41707	2	1	1	10	1002	1							1		4015143502	1435	
41708	2	1											1		4015143516	1435	
41709	2	1											1		4015143505	1435	
40189	2	1											3	40190,40191,40193	4015146501	1465	
40190		1											1		4019001	1465	
40191		1											1		4019101	1465	
40193		1											1		4019301	1465	
40198	2	1		1	35901	2							3		4015146961	1469	
40206	2	1											3	40209,40210	4015148003	1479	
40207	2	1											1	40211	4015148005	1479	
40208	2	1											1	40212	4015148010	1479	
40209	2	1											1	40213	4015148015	1479	
40210	2	1											1	40214	4015148020	1479	
40211	2	1											1		4015148006	1479	
40212	2	1											1		4015148011	1479	
40213	2	1											1	40207,40208	4015148016	1479	
40214	2	1											1		4015148021	1479	
2000201	2	1											3		4012000201	20002	
40173	2	1											2	46418,38601,38701,41603,41604	4015146901	1469	
41601	2	1											1		4015146903	1469	
41602	2	1											1		4015146930	1469	
41603	2	1											1		4015146920	1469	
41604	2	1											1		4015146906	1469	
6145301	2	1													4015145301	1453	
6145101	2	1													4015145101	1451	
6143704	2	1		1	35901	2							4		614370401	1437	
6143705	2	1		1	35901	2							4		614370501	1437	
6143706	2	1		1	35901	2							4		614370601	1437	
6143701	2	1											3	46419,6143702,6143703	614370101	1437	
6143702	2	1											1		614370201	1437	
6143703	2	1											1		614370301	1437	
6143901	2	1											3		4015143901	1439	
6143902	2	1		1	35901	2							4		614390201	1439	
6143903	2	1		1	35901	2							4		614390301	1439	
6143904	2	1		1	35901	2							4		614390401	1439	
6144102	2	1		1	35901	2							4		614410201	1441	
6144103	2	1		1	35901	2							4		614410301	1441	
6144104	2	1		1	35901	2							4		614410401	1441	
6144101	2	1													4015144101	1441	
6160301	2	1		21	1										616030101	1603	
6160302	2	1		21	0										616030201	1603	
6147701	2	1													4015147701	1477	
6147501	2	1											3	6147502,6147503	614750101	1475	
6147502	2	1											1		614750201	1475	
6147503	2	1											1		614750301	1475	
6145501	2	1											3	46414,6145502,6145503	614550101	1455	
6145502	2	1											1		614550201	1455	
6145503	2	1											1		614550301	1455	
6147101	2	1											3	2004207,6147102,6147103,6147104	614710101	1471	
6147102	2	1											1		614710201	1471	
6147103	2	1											1		614710301	1471	
6147104	2	1											1		614710401	1471	
6147301	2	1											3	6147302,6147303,6147304	614730101	1473	
6147302	2	1											1		614730201	1473	
6147303	2	1											1		614730301	1473	
6147304	2	1											1		614730401	1473	
6146101	2	1											3	46415,6146102,6146103	614610101	1461	
6146102	2	1											1		614610201	1461	
6146103	2	1											1		614610301	1461	
6146301	2	1											3	46416,6146302,6146303,6146304	614630101	1463	
6146302	2	1											1		614630201	1463	
6146303	2	1											1		614630301	1463	
6146304	2	1											1		614630401	1463	
6151201	2	1											3	2211101,2010136,2010137,2010138,2010139,2010140,2010141,2010142,6151202,6151203	615120101	1512	
6151202	2	1											1		615120201	1512	
6151203	2	1											1		615120301	1512	
6144504	2	1		1	35901	2							4		614450401	1445	
6144505	2	1		1	35901	2							4		614450501	1445	
6144506	2	1		1	35901	2							4		614450601	1445	
6144501	2	1											3	6144502,6144503	614450101	1445	
6144502	2	1											1		614450201	1445	
6144503	2	1											1		614450301	1445	
6144704	2	1		1	35901	2							4		614470401	1447	
6144705	2	1		1	35901	2							4		614470501	1447	
6144706	2	1		1	35901	2							4		614470601	1447	
6144701	2	1											3	6144702,6144703	614470101	1447	
6144702	2	1											1		614470201	1447	
6144703	2	1											1		614470301	1447	
6144904	2	1		1	35901	2							4		614490401	1449	
6144905	2	1		1	35901	2							4		614490501	1449	
6144906	2	1		1	35901	2							4		614490601	1449	
6144901	2	1											3	6144902,6144903	614490101	1449	
6144902	2	1											1		614490201	1449	
6144903	2	1											1		614490301	1449	
6145704	2	1		1	35901	2							4		614570401	1457	
6145705	2	1		1	35901	2							4		614570501	1457	
6145706	2	1		1	35901	2							4		614570601	1457	
6145701	2	1											3	6145702,6145703	614570101	1457	
6145702	2	1											1		614570201	1457	
6145703	2	1											1		614570301	1457	
6145904	2	1		1	35901	2							4		614590401	1459	
6145905	2	1		1	35901	2							4		614590501	1459	
6145906	2	1		1	35901	2							4		614590601	1459	
6145901	2	1											3	6145902,6145903	614590101	1459	
6145902	2	1											1		614590201	1459	
6145903	2	1											1		614590301	1459	
6159701	2	1											3	6159702,6159703,6159704	615970101	1597	
6159702	2	1											1		615970201	1597	
6159703	2	1											1		615970301	1597	
6159704	2	1											1		615970401	1597	
6159801	2	1											3	6159802,6159803,6159804	615980101	1598	
6159802	2	1											1		615980201	1598	
6159803	2	1											1		615980301	1598	
6159804	2	1											1		615980401	1598	
6159901	2	1													615990101	1599	
6160001	2	1													615990101	1600	
6160101	2	1											3	6160102,6160103,6160104	616010101	1601	
6160102	2	1											1		616010201	1601	
6160103	2	1											1		616010301	1601	
6160104	2	1											1		616010401	1601	
6160201	2	1											3	6160202,6160203,6160204	616020101	1602	
6160202	2	1											1		616020201	1602	
6160203	2	1											1		616020301	1602	
6160204	2	1											1		616020401	1602	
6144305	2	1		1	35901	2							4		614430501	1443	
6144306	2	1		1	35901	2							4		614430601	1443	
6144307	2	1		1	35901	2							4		614430701	1443	
6144301	2	1											3	6144302,6144303,6144304	614430101	1443	
6144302	2	1											1		614430201	1443	
6144303	2	1											1		614430301	1443	
6144304	2	1											1		614430401	1443	
6160401	2	1											3	6160402,6160403,6160404	616040101	1604	
6160402	2	1											1		616040201	1604	
6160403	2	1											1		616040301	1604	
6160404	2	1											1		616040401	1604	
6160501	2	1											3	6160502,6160503,6160504	616050101	1605	
6160502	2	1											1		616050201	1605	
6160503	2	1											1		616050301	1605	
6160504	2	1											1		616050401	1605	
6160601	2	1											3	6160602,6160603,6160604	616060101	1606	
6160602	2	1											1		616060201	1606	
6160603	2	1											1		616060301	1606	
6160604	2	1											1		616060401	1606	
6160701	2	1											3	6160702,6160703,6160704	616070101	1607	
6160702	2	1											1		616070201	1607	
6160703	2	1											1		616070301	1607	
6160704	2	1											1		616070401	1607	
6160801	2	1											3	6160802,6160803,6160804	616080101	1608	
6160802	2	1											1		616080201	1608	
6160803	2	1											1		616080301	1608	
6160804	2	1											1		616080401	1608	
6157701	2	1											3	6157702,6157703	615770101	1577	
6157702	2	1											1		615770201	1577	
6157703	2	1											1		615770301	1577	
6157401	2	1											3	6157402,6157403	615740101	1574	
6157402	2	1											1		615740201	1574	
6157403	2	1											1		615740301	1574	
6159301	2	1											3	6159302,6159303	615930101	1593	
6159302	2	1											1		615930201	1593	
6159303	2	1											1		615930301	1593	
6157801	2	1											3	6157802,6157803	615780101	1578	
6157802	2	1											1		615780201	1578	
6157803	2	1											1		615780301	1578	
6160901	2	1											3		616090101	1609	
6161001	2	1											3		616090101	1610	
6242701	2	1											3	6242702,6242703,6242704	624270101	2427	
6242702	2	1											1		624270201	2427	
6242703	2	1											1		624270301	2427	
6242704	2	1											1		624270401	2427	
6230501	2	1											3	6230502,6230503	623050101	2305	
6230502	2	1											1		623050201	2305	
6230503	2	1											1		623050301	2305	
6162401	2	1											3	1200005,6162402,6162403	616240101	1624	
6162402	2	1											1		616240201	1624	
6162403	2	1											1		616240301	1624	
6162405	2	1		1	1200309	3							4	1200005,6162406,6162407,6162408	616240501	1624	
6162406	2	1		1	1200309	3							1		616240601	1624	
6162407	2	1		1	1200309	3							1		616240701	1624	
6162408	2	1		1	1200309	3							1		616240801	1624	
6230601	2	1											3	6230602,6230603,6230604	623060101	2306	
6230602	2	1											1		623060201	2306	
6230603	2	1											1		623060301	2306	
6230604	2	1											1		623060401	2306	
6230701	2	1											3	6230702,6230703,6230704	623070101	2307	
6230702	2	1											1		623070201	2307	
6230703	2	1											1		623070301	2307	
6230704	2	1											1		623070401	2307	
6230201	2	1											3	6230202,6230203,6230204	623020101	2302	
6230202	2	1											1		623020201	2302	
6230203	2	1											1		623020301	2302	
6230204	2	1											1		623020401	2302	
6163001	2	1											3	6163002,6163003,6163004	616300101	1630	
6163002	2	1											1		616300201	1630	
6163003	2	1											1		616300301	1630	
6163004	2	1											1		616300401	1630	
6163101	2	1											3	6163102,6163103,6163104	616310101	1631	
6163102	2	1											1		616310201	1631	
6163103	2	1											1		616310301	1631	
6163104	2	1											1		616310401	1631	
6163201	2	1											3	6163202,6163203	616320101	1632	
6163202	2	1											1		616320201	1632	
6163203	2	1											1		616320301	1632	
6162501	2	1											3	6162502,6162503	616250101	1625	
6162502	2	1											1		616250201	1625	
6162503	2	1											1		616250301	1625	
6162901	2	1											3	6162902,6162903,6162904	616290101	2430	
6162902	2	1											1		616290201	2430	
6162903	2	1											1		616290301	2430	
6162904	2	1											1		616290401	2430	
6240001	2	1											3	6240002,6240003,6240004	624000101	2400	
6240002	2	1											1		624000201	2400	
6240003	2	1											1		624000301	2400	
6240004	2	1											1		624000401	2400	
6240101	2	1											3	6240102,6240103,6240104	624010101	2401	
6240102	2	1											1		624010201	2401	
6240103	2	1											1		624010301	2401	
6240104	2	1											1		624010401	2401	
6240201	2	1											3	6240202,6240203	624020101	2402	
6240202	2	1											1		624020201	2402	
6240203	2	1											1		624020301	2402	
6240301	2	1											3	6240302,6240303	624030101	2403	
6240302	2	1											1		624030201	2403	
6240303	2	1											1		624030301	2403	
6240401	2	1											3	6240402,6240403,6240404	624040101	2404	
6240402	2	1											1		624040201	2404	
6240403	2	1											1		624040301	2404	
6240404	2	1											1		624040401	2404	
6240501	2	1											3	6240502,6240503,6240504	624050101	2405	
6240502	2	1											1		624050201	2405	
6240503	2	1											1		624050301	2405	
6240504	2	1											1		624050401	2405	
6240601	2	1											3	6240602,6240603,6240604	624060101	2406	
6240602	2	1											1		624060201	2406	
6240603	2	1											1		624060301	2406	
6240604	2	1											1		624060401	2406	
6240701	2	1											3	6240702,6240703,6240704	624070101	2407	
6240702	2	1											1		624070201	2407	
6240703	2	1											1		624070301	2407	
6240704	2	1											1		624070401	2407	
6240801	2	1											3	6240802,6240803,6240804	624080101	2408	
6240802	2	1											1		624080201	2408	
6240803	2	1											1		624080301	2408	
6240804	2	1											1		624080401	2408	
6240901	2	1											3	6240902,6240903,6240904	624090101	2409	
6240902	2	1											1		624090201	2409	
6240903	2	1											1		624090301	2409	
6240904	2	1											1		624090401	2409	
6241001	2	1											3	6241002,6241003	624100101	2410	
6241002	2	1											1		624100201	2410	
6241003	2	1											1		624100301	2410	
6241101	2	1											3	6241102,6241103	624110101	2411	
6241102	2	1											1		624110201	2411	
6241103	2	1											1		624110301	2411	
6241801	2	1											3	6241802,6241803,6241804	624180101	2418	
6241802	2	1											1		624180201	2418	
6241803	2	1											1		624180301	2418	
6241804	2	1											1		624180401	2418	
6241901	2	1											3	6241902,6241903	624190101	2419	
6241902	2	1											1		624190201	2419	
6241903	2	1											1		624190301	2419	
6242001	2	1											3	6242002,6242003,6242004	624200101	2420	
6242002	2	1											1		624200201	2420	
6242003	2	1											1		624200301	2420	
6242004	2	1											1		624200401	2420	
6242101	2	1											3	6242102,6242103	624210101	2421	
6242102	2	1											1		624210201	2421	
6242103	2	1											1		624210301	2421	
6242201	2	1											3	6242202,6242203,6242204	624220101	2422	
6242202	2	1											1		624220201	2422	
6242203	2	1											1		624220301	2422	
6242204	2	1											1		624220401	2422	
6220001	2	1											3	6220002,6220003	622000101	2200	
6220002	2	1											1		622000201	2200	
6220003	2	1											1		622000301	2200	
6220101	2	1											3	6220102,6220103	622010101	2201	
6220102	2	1											1		622010201	2201	
6220103	2	1											1		622010301	2201	
6220201	2	1											3	6220202,6220203,6220204	622020101	2202	
6220202	2	1											1		622020201	2202	
6220203	2	1											1		622020301	2202	
6220204	2	1											1		622020401	2202	
6220301	2	1											3	6220302,6220303	622030101	2203	
6220302	2	1											1		622030201	2203	
6220303	2	1											1		622030301	2203	
6220401	2	1											3	6220402,6220403	622040101	2204	
6220402	2	1											1		622040201	2204	
6220403	2	1											1		622040301	2204	
6220405	2	1		1	100317	3							4	6220406,6220407	622040501	2204	
6220406	2	1		1	100317	3							1		622040601	2204	
6220407	2	1		1	100317	3							1		622040701	2204	
6220501	2	1											3	6220502,6220503	622050101	2205	
6220502	2	1											1		622050201	2205	
6220503	2	1											1		622050301	2205	
6230001	2	1											3	6230002,6230003,6230004	623000101	2300	
6230002	2	1											1		623000201	2300	
6230003	2	1											1		623000301	2300	
6230004	2	1											1		623000401	2300	
6230801	2	1											3	6230802,6230803,6230804	623080101	2308	
6230802	2	1											1		623080201	2308	
6230803	2	1											1		623080301	2308	
6230804	2	1											1		623080401	2308	
6230301	2	1											3	6230302,6230303	623030101	2303	
6230302	2	1											1		623030201	2303	
6230303	2	1											1		623030301	2303	
6230401	2	1											3	6230402,6230403	623040101	2304	
6230402	2	1											1		623040201	2304	
6230403	2	1											1		623040301	2304	
6230901	2	1											3	6230902,6230903	623090101	2309	
6230902	2	1											1		623090201	2309	
6230903	2	1											1		623090301	2309	
6220601	2	1		21	1								3	6220602,6220603	622060101	2206	
6220602	2	1		21	1								1		622060201	2206	
6220603	2	1		21	1								1		622060301	2206	
6220604	2	1		21	0								3	6220605,6220606	622060401	2206	
6220605	2	1		21	0								1		622060501	2206	
6220606	2	1		21	0								1		622060601	2206	
6220701	2	1											3	6220702,6220703	622070101	2207	
6220702	2	1											1		622070201	2207	
6220703	2	1											1		622070301	2207	
6221101	2	1											3	6221102,6221103	622110101	2211	
6221102	2	1											1		622110201	2211	
6221103	2	1											1		622110301	2211	
6220801	2	1											3	6220802,6220803,6220804	622080101	2208	
6220802	2	1											1		622080201	2208	
6220803	2	1											1		622080301	2208	
6220804	2	1											1		622080401	2208	
6220805	2	1		1	100317	3							4	6220806,6220803,6220804	622080501	2208	
6220806	2	1		1	100317	3							1		622080601	2208	
6221001	2	1											3	6221002,6221003	622100101	2210	
6221002	2	1											1		622100201	2210	
6221003	2	1											1		622100301	2210	
6220901	2	1											3	6220902,6220903	622090101	2209	
6220902	2	1											1		622090201	2209	
6220903	2	1											1		622090301	2209	
6201501	2	1		21	1								3		620150101	2015	
6201502	2	1		21	0								3	6201503,6201504	620150201	2015	
6201503	2	1		21	0								1		620150301	2015	
6201504	2	1		21	0								1		620150401	2015	
6200101	2	1		21	1								3		620150101	2001	
6200201	2	1											3	6200202,6200203	620020101	2002	
6200202	2	1											1		620020201	2002	
6200203	2	1											1		620020301	2002	
6200501	2	1											3	6200502,6200503	620050101	2005	
6200502	2	1											1		620050201	2005	
6200503	2	1											1		620050301	2005	
6201601	2	1											3	6201602,6201603	620160101	2016	
6201602	2	1											1		620160201	2016	
6201603	2	1											1		620160301	2016	
6201701	2	1											3	6201702,6201703	620170101	2017	
6201702	2	1											1		620170201	2017	
6201703	2	1											1		620170301	2017	
6200801	2	1		21	1								3		620080101	2008	
6200802	2	1		21	0								3	6200803,6200804	620080201	2008	
6200803	2	1		21	0								1		620080301	2008	
6200804	2	1		21	0								1		620080401	2008	
6205301	2	1		21	1								3		620080101	2053	
6202101	2	1		21	1								3		620210101	2021	
6202102	2	1		21	0								3		620210201	2021	
6202103	2	1		21	0								1		620210301	2021	
6202104	2	1		21	0								1		620210401	2021	
6206001	2	1		21	1								3		620210101	2060	
6202001	2	1											3	6202002,6202003,6202004,6202005	620200101	2020	
6202002	2	1		10	1009	1							1		620200201	2020	
6202003	2	1											1		620200301	2020	
6202004	2	1											1		620200401	2020	
6202005	2	1											1		620200501	2020	
6202201	2	1											3	6202202,6202203,6202204	620220101	2022	
6202202	2	1											1		620220201	2022	
6202203	2	1											1		620220301	2022	
6202204	2	1											1		620220401	2022	
6202301	2	1		21	1								3	6202302,6202303	620230101	2023	
6202302	2	1		21	1								1		620230201	2023	
6202303	2	1		21	1								1		620230301	2023	
6202305	2	1		21	0								3	6202306,6202307	620230501	2023	
6202306	2	1		21	0								1		620230601	2023	
6202307	2	1		21	0								1		620230701	2023	
6206301	2	1											3	6206302,6206303	620630101	2063	
6206302	2	1											1		620630201	2063	
6206303	2	1											1		620630301	2063	
6209101	2	1		21	1								3	6209102,6209103	620910101	2091	
6209102	2	1		21	1								1		620910201	2091	
6209103	2	1		21	1								1		620910301	2091	
6209104	2	1		21	0								3	6209105,6209106	620910401	2091	
6209105	2	1		21	0								1		620910501	2091	
6209106	2	1		21	0								1		620910601	2091	
6201201	2	1											3	6201202,6201203	620120101	2012	
6201202	2	1											1		620120201	2012	
6201203	2	1											1		620120301	2012	
6201301	2	1											3	1200204,6201302,6201303,6201304	620130101	2013	
1200204	2	1		1	1200204	2							1		120020401	2013	12002
6201302	2	1											1		620130201	2013	
6201303	2	1											1		620130301	2013	
6201304	2	1											1		620130401	2013	
6202601	2	1		21	1								3	6202602,6202603	620260101	2026	
6202602	2	1		21	1								1		620260201	2026	
6202603	2	1		21	1								1		620260301	2026	
6202604	2	1		21	0								3	6202605,6202606	620260401	2026	
6202605	2	1		21	0								1		620260501	2026	
6202606	2	1		21	0								1		620260601	2026	
6202701	2	1											3		620270101	2027	
6202801	2	1											3		620270101	2028	
6202901	2	1		21	1								3	6202902,6202903	620290101	2029	
6202902	2	1		21	1								1		620290201	2029	
6202903	2	1		21	1								1		620290301	2029	
6202904	2	1		21	0								3	6202905,6202906	620290401	2029	
6202905	2	1		21	0								1		620290501	2029	
6202906	2	1		21	0								1		620290601	2029	
6201401	2	1											3	6201402,6201403	620140101	2014	
6201402	2	1											1		620140201	2014	
6201403	2	1											1		620140301	2014	
6206201	2	1											3		620620101	2062	
6162601	2	1											3		620620101	1626	
6162701	2	1											3	6162702,6162703,6162704	616270101	1627	
6162702	2	1											1		616270201	1627	
6162703	2	1											1		616270301	1627	
6162704	2	1											1		616270401	1627	
6207301	2	1											3	6207302,6207303,6207304	620730101	2073	
6207302	2	1											1		620730201	2073	
6207303	2	1											1		620730301	2073	
6207304	2	1											1		620730401	2073	
6207305	2	1		1	1200309	3							4	6207306,6207303,6207304	620730501	2073	
6207306	2	1		1	1200309	3							1		620730601	2073	
6208401	2	1											3	6208402,6208403	620840101	2084	
6208402	2	1											1		620840201	2084	
6208403	2	1											1		620840301	2084	
6205401	2	1											3	6205402,6205403,6205404	620540101	2054	
6205402	2	1											1		620540201	2054	
6205403	2	1											1		620540301	2054	
6205404	2	1											1		620540401	2054	
6204401	2	1											3	6204402,6204403,6204404	620440101	2044	
6204402	2	1											1		620440201	2044	
6204403	2	1		1	100008	3							1		620440301	2044	
6204404	2	1											1		620440401	2044	
6203301	2	1											3	6203302,6203303,6203304	620330101	2033	
6203302	2	1											1		620330201	2033	
6203303	2	1		1	100008	3							1		620330301	2033	
6203304	2	1											1		620330401	2033	
6208301	2	1											3	6208302,6208303	620830101	2083	
6208302	2	1											1		620830201	2083	
6208303	2	1											1		620830301	2083	
6203601	2	1		21	1								3	6203602,6203603,6203604	620360101	2036	
6203602	2	1		21	1								1		620360201	2036	
6203603	2	1	1	21	1		1	100008	3				1		620360301	2036	
6203604	2	1		21	1								1		620360401	2036	
6203605	2	1		21	0								3	6203606,6203607	620360501	2036	
6203606	2	1		21	0								1		620360601	2036	
6203607	2	1		21	0								1		620360701	2036	
6207601	2	1											3	6207602,6207603,6207604	620760101	2076	
6207602	2	1											1		620760201	2076	
6207603	2	1		1	100008	3							1		620760301	2076	
6207604	2	1											1		620760401	2076	
6205501	2	1		21	1								3	6205502,6205503,6205504	620550101	2055	
6205502	2	1		21	1								1		620550201	2055	
6205503	2	1	1	21	1		1	100008	3				1		620550301	2055	
6205504	2	1		21	1								1		620550401	2055	
6205505	2	1		21	0								3	6205506,6205507	620550501	2055	
6205506	2	1		21	0								1		620550601	2055	
6205507	2	1		21	0								1		620550701	2055	
6207401	2	1											3		620740101	2074	
6203001	2	1											3		620740101	2030	
6203101	2	1											3		620740101	2031	
6200301	2	1											3	6200302,6200303,6200304	620030101	2003	
6200302	2	1											1		620030201	2003	
6200303	2	1											1		620030301	2003	
6200304	2	1											1		620030401	2003	
6207701	2	1											3	6207702,6207703,6207704	620770101	2077	
6207702	2	1											1		620770201	2077	
6207703	2	1											1		620770301	2077	
6207704	2	1											1		620770401	2077	
6200401	2	1		21	1								3	6200402,6200403,6200404	620040101	2004	
6200402	2	1		21	1								1		620040201	2004	
6200403	2	1	1	21	1		1	100008	3				1		620040301	2004	
6200404	2	1		21	1								1		620040401	2004	
6200405	2	1		21	0								3	6200406,6200407,6200408	620040501	2004	
6200406	2	1		21	0								1		620040601	2004	
6200407	2	1		21	0								1		620040701	2004	
6200408	2	1		21	0								1		620040801	2004	
6204001	2	1											3		620400101	2040	
6207901	2	1											3		620400101	2079	
6200601	2	1											3	6200602,6200603,6200604	620060101	2006	
6200602	2	1											1		620060201	2006	
6200603	2	1											1		620060301	2006	
6200604	2	1											1		620060401	2006	
6209201	2	1											3	6209202,6209203	620920101	2092	
6209202	2	1											1		620920201	2092	
6209203	2	1											1		620920301	2092	
6201801	2	1		21	1								3		620180101	2018	
6200701	2	1		21	1								3		620180101	2007	
6200705	2	1		21	0								3	6200706,6200707,6200708	620070501	2007	
6200706	2	1		21	0								1		620070601	2007	
6200707	2	1	1	21	0		1	100008	3				1		620070701	2007	
6200708	2	1		21	0								1		620070801	2007	
6200901	2	1											3	6200902,6200903,6200904	620090101	2009	
6200902	2	1											1		620090201	2009	
6200903	2	1											1		620090301	2009	
6200904	2	1											1		620090401	2009	
6201001	2	1											3	6201002,6201003	620100101	2010	
6201002	2	1											1		620100201	2010	
6201003	2	1											1		620100301	2010	
6201101	2	1		21	1								3	6201102,6201103,6201104	620110101	2011	
6201102	2	1		21	1								1		620110201	2011	
6201103	2	1	1	21	1		1	100008	3				1		620110301	2011	
6201104	2	1		21	1								1		620110401	2011	
6201105	2	1		21	0								3	6201106,6201107,6201108	620110501	2011	
6201106	2	1		21	0								1		620110601	2011	
6201107	2	1		21	0								1		620110701	2011	
6201108	2	1		21	0								1		620110801	2011	
6202501	2	1											3	6202502,6202503	620250101	2025	
6202502	2	1											1		620250201	2025	
6202503	2	1											1		620250301	2025	
6209301	2	1											3	6209302,6209303,6209304	620930101	2093	
6209302	2	1											1		620930201	2093	
6209303	2	1											1		620930301	2093	
6209304	2	1											1		620930401	2093	
6209001	2	1											3	1200205,6209002,6209003,6209004,6209005	620900101	2090	
1200205	2	1		1	1200205	2							1		120020501	2090	12002
6209002	2	1		10	1008	1							1		620900201	2090	
6209003	2	1											1		620900301	2090	
6209004	2	1		1	100008	3							1		620900401	2090	
6209005	2	1											1		620900501	2090	
6207201	2	1											3	1200206,6207202,6207203,6207204	620720101	2072	
1200206	2	1		1	1200206	2							1		120020601	2072	12002
6207202	2	1											1		620720201	2072	
6207203	2	1											1		620720301	2072	
6207204	2	1											1		620720401	2072	
6242801	2	1											3	6242802,6242803	624280101	2428	
6242802	2	1											1		624280201	2428	
6242803	2	1											1		624280301	2428	
6242901	2	1											3	6242902,6242903	624290101	2429	
6242902	2	1											1		624290201	2429	
6242903	2	1											1		624290301	2429	
6242401	2	1											3	6242402,6242403	624240101	2424	
6242402	2	1											1		624240201	2424	
6242403	2	1											1		624240301	2424	
6242501	2	1											3	6242502,6242503,6242504	624250101	2425	
6242502	2	1											1		624250201	2425	
6242503	2	1											1		624250301	2425	
6242504	2	1											1		624250401	2425	
6243101	2	1											3	6243102,6243103	624310101	2431	
6243102	2	1											1		624310201	2431	
6243103	2	1											1		624310301	2431	
6243201	2	1											3	6243202,6243203	624320101	2432	
6243202	2	1											1		624320201	2432	
6243203	2	1											1		624320301	2432	
6209401	2	1											3	6209402,6209403,6209404	620940101	2094	
6209402	2	1											1		620940201	2094	
6209403	2	1		1	100008	3							1		620940301	2094	
6209404	2	1											1		620940401	2094	
6207801	2	1											3	2211102,2010136,2010137,2010138,6207804,6207805,2010141,2010142,6207802,6207803	620780101	2078	
6207802	2	1											1		620780201	2078	
6207803	2	1											1		620780301	2078	
6207804				14	0								2		620780401	2078	
6207805				14	1								2		620780501	2078	
6204801	2	1											3	6204806,6204807,6204802,6204804,6204805	620480101	2048	
6204802	2	1		10	1003	1							1		620480201	2048	
6204803	2	1											1		620480301	2048	
6204804	2	1											1		620480401	2048	
6204805	2	1											1		620480501	2048	
6204806	2	1	1	10	37	1	27	0					1		620480601	2048	
6204807	2	1	1	10	37	1	27	1					1		620480701	2048	
6231001	2	1											3	6231002,6231003,6231004	623100101	2310	
6231002	2	1											1		623100201	2310	
6231003	2	1											1		623100301	2310	
6231004	2	1											1		623100401	2310	
6162801	2	1											3	6162802,6162803	616280101	1628	
6162802	2	1											1		616280201	1628	
6162803	2	1											1		616280301	1628	
6204101	2	1											3	6204102,6204103	620410101	2041	
6204102	2	1											1		620410201	2041	
6204103	2	1											1		620410301	2041	
6204201	2	1											3	6204202,6204203	620420101	2042	
6204202	2	1											1		620420201	2042	
6204203	2	1											1		620420301	2042	
6205001	2	1											3	6205002,6205003	620500101	2050	
6205002	2	1											1		620500201	2050	
6205003	2	1											1		620500301	2050	
6208501	2	1		21	1								3	6208502,6208503	620850101	2085	
6208502	2	1		21	1								1		620850201	2085	
6208503	2	1		21	1								1		620850301	2085	
6208505	2	1		21	0								3	6208506,6208507,6208508	620850501	2085	
6208506	2	1		21	0								1		620850601	2085	
6208507	2	1		21	0								1		620850701	2085	
6208508	2	1		21	0								1		620850801	2085	
6205601	2	1											3	6205602,6205603,6205604	620560101	2056	
6205602	2	1											1		620560201	2056	
6205603	2	1											1		620560301	2056	
6205604	2	1											1		620560401	2056	
6205701	2	1											3	6205702,6205703	620570101	2057	
6205702	2	1											1		620570201	2057	
6205703	2	1											1		620570301	2057	
6205801	2	1											3	6205802,6205803	620580101	2058	
6205802	2	1											1		620580201	2058	
6205803	2	1											1		620580301	2058	
6208701	2	1											3	6208702,6208703,6208704	620870101	2087	
6208702	2	1											1		620870201	2087	
6208703	2	1											1		620870301	2087	
6208704	2	1											1		620870401	2087	
6206401	2	1											3	6206402,6206403,6206404	620640101	2064	
6206402	2	1											1		620640201	2064	
6206403	2	1		1	100008	3							1		620640301	2064	
6206404	2	1											1		620640401	2064	
6206501	2	1											3	6206502,6206503	620650101	2065	
6206502	2	1											1		620650201	2065	
6206503	2	1											1		620650301	2065	
6206901	2	1											3	6206902,6206903,6206904	620690101	2069	
6206902	2	1											1		620690201	2069	
6206903	2	1											1		620690301	2069	
6206904	2	1											1		620690401	2069	
6207001	2	1											3	6207002,6207003,6207004	620700101	2070	
6207002	2	1											1		620700201	2070	
6207003	2	1		1	100008	3							1		620700301	2070	
6207004	2	1											1		620700401	2070	
6207101	2	1											3	6207102,6207103	620710101	2071	
6207102	2	1											1		620710201	2071	
6207103	2	1											1		620710301	2071	
6204501	2	1											3	6204502,6204503,6204504	620450101	2045	
6204502	2	1		10	1010	1							1		620450201	2045	
6204503	2	1											1		620450301	2045	
6204504	2	1											1		620450401	2045	
61021601	2	1											5		400060101	10216	
