对话ID	触发方式	启用模式	[触发条件]组合	[触发条件]1类型	[触发条件]1参数1	[触发条件]1参数2	[触发条件]1参数3	[触发条件]2类型	[触发条件]2参数1	[触发条件]2参数2	[触发条件]3类型	[触发条件]3参数1	[触发条件]3参数2	优先级	后续对话ID	初始台词ID	演员NpcID	专属父任务ID
1	2	1												3		101	9004	
2	2	1												3		201	9005	
3	2	1												3		301	9006	
4	2	1												3		401	9007	
34701	2	1												3		3470101	1246	
34702	2	1												3		3470201	1247	
34703	2	1												3		3470301	1248	
34704	2	1												3		3470401	1249	
34705	2	1												3		3470501	1250	
34706	2	1												3		3470601	1251	
34707	2	1												3		3470701	1252	
34708	2	1												3		3470801	1253	
34709	2	1												3		3470901	1254	
34710	2	1												3		3471001	1255	
34711	2	1												3		3471101	1513	
34712	2	1												3		3471201	1514	
34713	2	1												3		3471301	20049	
34714	2	1												3		3471401	20050	
34715	2	1												3		3471501	20051	
34716	2	1												3		3471601	20052	
34717	2	1												3		3471701	20053	
34718	2	1												3		3471801	20054	
34719	2	1												3		3471901	20055	
34720	2	1												3		3472001	20059	
34721	2	1												3		3472101	20060	
34722	2	1												3		3472201	20061	
34723	2	1												3		3472301	20062	
34724	2	1												3		3472401	20063	
34725	2	1												3		3472501	20064	
34726	2	1												3		3472601	20065	
34727	2	1												3		3472701	20066	
34728	2	1												3		3472801	20067	
34729	2	1												3		3472901	20068	
34801	2	1		1	34801	2								3		3480101	1245	
34802	2	1		1	34802	2								3		3480201	1245	
34803	2	1		1	34803	2								3		3480301	1245	
34804	2	1		1	34804	2								3		3480401	1245	
34805	2	1		1	34805	2								3		3480501	1245	
34806	2	1		1	34806	2								3		3480601	1245	
34807	2	1		1	34807	2								3		3480701	1245	
34808	2	1		1	34808	2								3		3480801	1245	
34809	2	1		1	34809	2								3		3480901	1245	
34810	2	1		1	34810	2								3		3481001	1245	
34811	2	1		1	34811	2								3		3481101	1245	
34812	2	1		1	34812	2								3		3481201	1245	
34813	2	1		1	34813	2								3		3481301	1245	
34814	2	1		1	34814	2								3		3481401	1245	
34815	2	1		1	34815	2								3		3481501	1245	
34816	2	1		1	34816	2								3		3481601	1245	
34901	2	1		1	34901	2								3		3490101	1244	
34902	2	1		1	34902	2								3		3490201	1244	
34903	2	1		1	34903	2								3		3490301	1244	
34904	2	1		1	34904	2								3		3490401	1244	
34905	2	1		1	34905	2								3		3490501	1244	
34906	2	1		1	34906	2								3		3490601	1244	
34907	2	1		1	34907	2								3		3490701	1244	
34908	2	1		1	34908	2								3		3490801	1244	
34909	2	1		1	34909	2								3		3490901	1244	
34910	2	1		1	34910	2								3		3491001	1244	
34911	2	1		1	34911	2								3		3491101	1244	
34912	2	1		1	34912	2								3		3491201	1244	
35216	2	1		1	35202	2								5		3521601	1005	352
35328	2	1		1	35301	2								5		3532801	1005	353
35506	2	1		1	35505	2								5		3550601	1005	355
35507	2	1		1	35503	2								5		3550701	1005	355
35404	2	1		1	35402	2								5		3540401	1002	354
36001	2	1		1	36004	2								5		3600101	1002	360
35601	1	1		1	35601	2								5		3560101	1002	356
35604	2	1		1	35604	2								1		3560401	1002	356
35723	2	1		1	35723	2								5		3572301	1002	357
35724	2	1		1	35801	2								5		3572401	1005	358
35801	2	1		1	35802	2								5		3580101	1006	358
30603	2	1		1	30600	2								4		3060301	1002	
30611	2	1		1	30601	2								5		3061101	1002	306
30612	2	1		1	30602	2								5		3061201	1002	306
30610	2	1		1	30610	2								1		3061001	1002	306
30703	2	1		1	30700	2								4		3070301	1004	
30711	2	1		1	30701	2								5		3071101	1004	307
30712	1	1		1	30710	2								5		3071201	1004	307
30714	2	1		1	30702	2								5		3071401	1004	307
30715	2	1		1	30715	2								1		3071501	1004	307
30803	2	1		1	30800	2								4		3080301	1007	
30811	2	1		1	30801	2								5		3081101	1007	308
30812	1	1		1	30810	2								5		3081201	1007	308
30813	2	1		1	30802	2								5		3081301	1007	308
30814	2	1		1	30814	2								1		3081401	1007	308
30903	2	1		1	30901	2								4		3090301	1006	309
30902	2	1	1	1	31101	2		1	46904	2				5		3090201	1005	311
30904	2	1	1	1	31101	2		1	46904	3				5		3090401	1005	311
30911	2	1		1	30901	2								5		3091101	10001	309
30912	2	1		1	30901	2								5		3091201	10002	309
30913	2	1		1	30901	2								5		3091301	10003	309
30914	2	1		1	30901	2								5		3091401	10004	309
30915	2	1		1	30901	2								5		3091501	10005	309
30916	2	1		1	30901	2								5		3091601	10006	309
31001	2													1		3100101	1003	
31002	2													1		3100201	22	
31003	2													1		3100301	23	
31004	2													1		3100401	24	
31005	2													1		3100501	25	
31006	2													1		3100601	26	
31008	2													1		3100801	1305	
31009				1	31001	2								5	31010,31011,31012	3100901	1435	
31010														1	31013,31014,31015,31020	3101001	1435	
31011														1	31016,31017,31018,31019,31020	3101101	1435	
31012														1		3101201	1435	
31013				1	31002	2								1		3101301	1435	
31014				1	31003	2								1		3101401	1435	
31015				1	31004	2								1		3101501	1435	
31016				1	31005	2								1		3101601	1435	
31017				1	31006	2								1		3101701	1435	
31018				1	31007	2								1		3101801	1435	
31019				1	31008	2								1		3101901	1435	
31020				1	31001	2								1		3102001	1435	
31101	2													1	31104,31107	3110101	31	
31102	2													1	31105,31108	3110201	32	
31103	2													1	31106,31109	3110301	33	
31104																3110401	31	
31105																3110501	32	
31106																3110601	33	
31107																3110701	31	
31108																3110801	32	
31109																3110901	33	
31110	2													1	31111,31112	3111001	30	
31111																3111101	30	
31112																3111201	30	
31141	2		1	1	35205	3		18	3	1					31159,31153,31157,31156	3114101	1201	
31142	2		1	1	30302	3		18	3	3					31158,31153,31157,31156	3114201	1202	
31143	2		1	1	30303	3		18	3	2					31158,31153,31157,31156	3114301	1203	
31144	2		1	1	30304	3		18	3	4					31158,31153,31157,31156	3114401	1204	
31145	2		1	1	30305	3		18	3	5					31158,31161,31157,31156	3114501	1205	
31146	2		1	1	30306	3		18	3	7					31158,31161,31157,31156	3114601	1206	
31147	2		1	1	30307	3		18	3	6					31158,31161,31157,31156	3114701	1207	
31148	2		1	1	30308	3		18	3	8					31158,31161,31157,31156	3114801	1208	
31149	2															3114901	1209	
31150			1	5	7			6	1		1	35205	3	1		3115001	1201,1202,1203,1204,1205,1206,1207,1208,1209	
31151														1		3115101	1201,1202,1203,1204,1205,1206,1207,1208,1209	
31152														1		3115201	1201,1202,1203,1204,1205,1206,1207,1208,1209	
31153			1	5	7			6	1		1	35205	3	1		3115301	1201,1202,1203,1204,1205,1206,1207,1208,1209	
31154														1		3115401	1201,1202,1203,1204,1205,1206,1207,1208,1209	
31155														1		3115501	1201,1202,1203,1204,1205,1206,1207,1208,1209	
31156														1		3115601	1201,1202,1203,1204,1205,1206,1207,1208,1209	
31157				16	1									1		3115701	1201,1202,1203,1204,1205,1206,1207,1208,1209	
31158				16	1									1		3115801	1201,1202,1203,1204,1205,1206,1207,1208,1209	
31159			1	1	46902	3		16	1					1		3115901	1201,1202,1203,1204,1205,1206,1207,1208,1209	
31160				16	1									1		3116001	1201,1202,1203,1204,1205,1206,1207,1208,1209	
31161			1	5	8			6	1		1	35205	3	1		3116101	1201,1202,1203,1204,1205,1206,1207,1208,1209	
31201	2													1		3120101	34	
31202	2													1		3120201	35	
31234	2													1	31235,31236	3123401	86	
31235															31237,31238,31239,31240,31241,31242	3123501	86	
31236																3123601	86	
31237															31243	3123701	86	
31238															31243	3123801	86	
31239															31243	3123901	86	
31240															31243	3124001	86	
31241															31243	3124101	86	
31242																3124201	86	
31243															31237,31238,31239,31240,31241,31242	3124301	86	
31256	2													4		3125601	93	
31257				1	30904	3								5		3125701	93	
31258	2															3125801	94	
30302	2	1		2	30302	3										3030201	1202	
30303	2	1		2	30303	3										3030301	1203	
30304	2	1		2	30304	3										3030401	1204	
30305	2	1		2	30305	3										3030501	1205	
30306	2	1		2	30306	3										3030601	1206	
30307	2	1		2	30307	3										3030701	1207	
30308	2	1		2	30308	3										3030801	1208	
31802	1	1		1	31802	2										3180201	10092	318
37002	2	1		1	37002	2								1		3700201	1006	370
37005	2	1		1	37005	2								1		3700401	1006	370
37003	2	1	1	1	99601	2								1		9960101	1004	
99401	2	1	1	1	99401	2								1		3700104	1006	
37101	2	1	1	1	37101	3		1	37102	2				1		3710101	1243	371
37109	1	1		1	37104	2										3710901	1243	371
37115	2	1	1	1	37115	2		1	37109	2						3711501	1243	371
37201	2	1		1	37203	2									37203		1160	372
37203				1	37203	2									3720301	3720101	1160	372
3720301				1	37203	2										3720101	1160	372
37302	2	1		1	37302	2										3730201	1001	373
37304	2	1		1	37304	2										3730401	1001	373
37310	2	1	1	1	37403	3		2	37404	3				1		3730901	1161	374
37311	2	1	2	1	37501	2		1	37502	2				1		3730901	1161	375
37312	2	1	1	1	37005	3		2	37101	3						3730902	1006	
37314	2	1	1	1	37005	3		2	37101	3						3730926	1007	
37407	2	1	1	1	37407	2		1	37408	3				1		3740701	1001	374
37402	1	1	1	1	37401	3		1	37402	2				1		3740201	1001	374
37403	2	1	1	1	37403	3		1	37404	2				1		3740301	1001	374
37404	2	1	1	1	37405	3		1	37406	2				1		3740401	1161	374
37405	2	1	1	1	37404	3		2	37405	3				1		3740306	1001	374
37406	2	1	1	1	37501	3		2	37502	3				1		3740306	1001	375
37501	2	1	1	1	37406	3		1	37501	2				1		3750101	1001	375
37503	1	1		1	42101	2								1		3750202	1164	374
37504	1	1		1	42101	2								1		3750202	1164	375
37604	2	1	1	1	37604	3		1	37605	2				1		3760401	1009	376
37605	2	1		1	37606	2								1		3760411	1009	376
37606	2	1	1	1	37606	3		1	37607	2				1		3760601	1009	376
37607	1	1	1	1	37607	3		1	37608	2				1		3760701	1009	376
37702	2	1	1	1	37704	3		1	37705	2				1		3770201	1009	377
37711	2	1		1	37706	2								1	37712,37713	3770250	1009	377
37712																3770251	1009	377
37713																3770252	1009	377
37703	2	1	1	1	37702	3		1	37703	2				1		3770301	1009	377
37704	2	1	1	1	37702	3		1	37703	2				1		3770302	1001	377
37705	2	1	2	1	37701	2		1	37702	2				1		3770303	1009	377
37706	2	1	2	1	37701	2		1	37702	2				1		3770304	1001	377
37902	2	1	1	1	37901	3		1	37902	2				1		3790201	1001	379
37903	2	1	1	1	37902	3		1	37903	2				1		3790222	1001	379
37904	2	1	1	1	37903	3		1	37904	2				1		3790401	1006	379
37905	2	1	1	1	38001	2		1	38101	2				1		3790501	1001	380
37906	2	1	1	1	38001	2		1	38101	2						3790502	1006	380
37907	2	1	1	1	38001	2		1	38101	2						3790503	1009	380
38004	2	1		1	38004	2										3810118	1006	380
38105	2	1		1	38105	2										3800113	1006	381
38302	2	1	1	1	38301	3		1	38302	2				1		3830201	1006	383
38303	2	1	1	1	38302	3		1	38303	2				1		3830211	1001	383
38304	2	1	1	1	38303	3		1	38304	2				1		3830401	1006	383
38305	2	1	2	1	38401	2		1	38402	2				1		3830501	1001	384
38306	2	1	2	1	38401	2		1	38402	2						3830514	1006	384
38307	2	1	2	1	38401	2		1	38402	2						3830527	1009	384
38402	2	1	1	1	38402	3		1	38403	2				1		3840201	1001	384
38404	2	1		1	38405	2								1		3840401	1001	384
38420	2	1		1	38806	2								1		3840803	1009	388
38421	2	1		1	38806	2								1		3840801	1001	388
38422	2	1		1	38806	2								1		3840802	1006	388
39702	2	1		1	39702	2								1		3970201	1009	397
39704	1	1		1	39704	2								1		3970401	1001	397
38801	1	1		1	38801	2								1		3880101	1001	388
38803	1	1		1	38803	2								1		3880301	1001	388
38804	1	1		1	38804	2								1		3880401	1001	388
38903	1	1		1	38903	2								1		3890301	1001	389
38906	1	1		1	38906	2								1		3890601	1001	389
39021	2	1		1	39003	2								1		3902101	1009	390
39022	2	1		1	39003	2								1		3902201	1001	390
39023	2	1		1	39003	2								1		3902301	1006	390
39004	2	1		1	39004	2								1		3900401	1001	390
39024	2	1	2	1	39005	2		1	39006	2	1	39007	2	1		3902401	1009	390
39025	2	1	2	1	39005	2		1	39006	2	1	39007	2	1		3902501	1001	390
39026	2	1	2	1	39005	2		1	39006	2	1	39007	2	1		3902601	1006	390
39301	2	1		1	39303	2								1		3930101	1001	393
39602	2	1		1	39602	2								1		3960201	1008	396
39604	1	1		1	39604	2								1		3960401	1001	396
39606	2	1		1	39606	2								1		3960601	1001	396
38601	1	1		1	38601	2								3		3860101	1469	386
38701		1		1	38701	2								1		3870101	1469	387
38703	1	1		1	38703	2								3		3870301	1469	387
38704	1	1		1	38704	2								3		3870401	1512	387
40701	2	1		1	40701	2									40702,40901	4070101	1105	
40702		1														4070201	1105	
40703	2	1		1	40702	2										4070301	1105	
40704	2	1	1	1	40702	4		2	40703	3						4070401	1105	
40705	2	1	1	1	40702	3		2	40704	3						4070501	1105	
40801	2	1		1	40801	2									40802,40803,40901	4080101	1116	
40802		1													40804,40805,40809	4080201	1116	
40803		1													40804,40805,40809	4080301	1116	
40804		1														4080401	1116	
40805		1														4080501	1116	
40806	2	1		1	40807	2										4080601	1116	
40807	2	1		1	40808	2										4080701	1116	
40808	2	1		1	40809	2										4080801	1116	
40809		1														4080901	1116	
40810	2	1		1	40806	2									40804,40805,40809	4081001	1116	
40811	2	1	1	1	40801	3		1	40804	不能领取					40802,40803,40901	4081101	1116	
40901		1														4090101	1117	
40902	2	1		1	40901	2								1	40903,40901	4090201	1117	
40903		1													40907,40908	4090301	1117	
40904	2	1		1	40902	2								1		4090401	1117	
40905	2	1	1	1	40902	4		2	40903	3				1		4090501	1117	
40906	2	1	1	1	40902	3		2	40904	3				1		4090601	1117	
40907		1												1		4090701	1117	
40908		1												1		4090801	1117	
41001	2	1		1	41001	2								1	41002,41003,41004,41005	4100101	1118	
41002		1													41001	4100201	1118	
41003		1													41006,41005	4100301	1118	
41004		1													41001	4100401	1118	
41005		1														4100501	1118	
41006		1														4100601	1118	
41007	2	1		1	41002	2										4100701	1118	
41008	2	1		1	41003	2										4100801	1118	
41009	2	1		1	41004	2										4100901	1119	
41802	2	1	2	1	41801	2		1	41802	2	1	41803	2	5		4180201	1563	
42401	2	1		1	42402	2									42402,42403	4240101	1220	
42402		1														4240201	1220	
42403		1														4240301	1220	
42404	2	1		1	42403	2										4240401	1220	
42405		1	1	1	42403	4		2	42404	3						4240501	1220	
42406	2	1	1	1	42403	3		2	42405	3						4240601	1220	
42407	2	1		1	42403	2										4240701	1221	
42408	2	1		1	42403	2										4240801	1222	
42409	2	1		1	42403	2										4240901	1223	
42410	2	1		1	42403	2										4241001	1224	
42411	2	1		1	42403	2										4241101	1225	
42412	2	1		1	42403	2										4241201	1226	
42413	2	1		1	42403	2										4241301	1227	
42414	2	1		1	42403	2										4241401	1228	
42415	2	1		1	42403	2										4241501	1229	
42416	2	1		1	42403	2										4241601	1230	
42417	2	1		1	42403	2										4241701	1231	
42418	2	1	1	1	42403	2		1	42406	3						4241801	1235	
42419	2	1	1	1	42403	2		1	42406	3						4241901	1236	
42420	2	1	1	1	42403	2		1	42406	3						4242001	1237	
42421	2	1	1	1	42403	2		1	42407	3						4242101	1238	
42422	2	1	1	1	42403	2		1	42407	3						4242201	1239	
42423	2	1	1	1	42403	2		1	42406	2						4242301	1235	
42424	2	1	1	1	42403	2		1	42406	2						4242401	1236	
42425	2	1	1	1	42403	2		1	42406	2						4242501	1237	
42426	2	1	1	1	42403	2		1	42407	2						4242601	1238	
42427	2	1	1	1	42403	2		1	42407	2						4242701	1239	
42502	2	1		1	42502	2									42503,42504	4250201	1160	425
42503		1														4250202	1160	425
42504		1														4250203	1160	425
42505	2	1		1	42504	2									42506,42507	4250301	1160	425
42506		1														4250302	1160	425
42507		1														4250303	1160	425
42702	2	1		1	42701	2										4270201	1002	427
4270301	2	1		1	42703	2									4270303,4270305	4270301	1002	427
4270303																4270303	1002	427
4270305																4270305	1002	427
4270601	2	1		1	42706	2									4270602,4270604	4270601	1002	427
4270602																4270602	1002	427
4270604																4270604	1002	427
42704	2	1		1	42704	2										4270401	1002	427
42708	2	1		1	42708	2										4270801	1483	427
45101	1	1		1	45107	2								1		4510101	1005	451
45103	1	1		1	45104	2										4510301	1011	451
45105	2	1		1	45105	2										4510501	1011	451
45106	2	1	1	1	45106	2		3	100061	3						4510601	1011	451
45107	2	1	1	1	45106	2		8	100061	3						4510501	1011	451
42601	2	1		1	42602	2										4260101	1005	426
45201	2	1		1	45201	2								1		4520101	1002	452
45202	1	1		1	45203	2										4520201	1002	452
45203	2	1		1	45205	2										4520301	163101	452
45204	2	1		1	45204	2										4520401	1002	452
45301	1	1		1	45301	2										4530101	153701	453
45305	2	1		1	45305	2										4530501	1002	453
45306	1	1		1	45306	2										4530601	154301	453
45307	1	1		1	45307	2										4530701	1005	453
45308	1	1		1	45308	2										4530801	1005	453
45401	1	1		1	45401	2										4540101	1011	454
45402	2	1		1	45402	2										4540201	1002	454
45405	2	1		1	45402	2										4540202	1011	454
45403	2	1	1	1	45403	2		3	100021	1						4540301	1011	454
45404	2	1	1	1	45403	2		8	100021	1						4540201	1002	454
45407	2	1	1	1	45403	2		8	100021	1						4540202	1011	454
45406	1	1		1	45406	2										4540601	1011	454
45411	1	1		1	45411	2										4541101	1002	454
45413	1	1		1	45413	2										4541301	1011	454
45415	1	1		1	45415	2										4541501	1011	454
46101	2	1		1	46101	2								5		4610101	1004	461
46102	2	1		1	46109	2								5		4610201	1004	461
46104	2	1		1	46104	2								1		4610404	1409	461
46110	2	1		1	46104	2								1	46104	4610403	1409	461
46111	2	1	1	1	46104	3		2	46107	3				1	46112	4611101	1409	461
46112	2	1	1	1	46104	3		2	46107	3				1		4611201	1409	461
46105	2	1	1	1	46105	2		2	46107	3				1		4610513	1411	461
46113	2	1	1	1	46105	3		2	46107	3				1		4611301	1411	461
46106	2	1	1	1	46106	2		2	46107	3				1		4610612	1413	461
46114	2	1	1	1	46106	3		2	46107	3				1		4611401	1413	461
46108	1	1		1	46107	2								5		4610801	1004	461
46109	2	1	1	1	46102	3		2	46103	3				4		4610901	1004	461
46202		1		1	46202	2								5		4620201	1213	462
46203	2	1		1	46203	2								5		4620301	1213	462
46204	2	1	1	1	46210	2		1	46204	3	2	46206	3	3		4620401	1005	462
46205	2	1	1	1	46205	2		2	46204	3				5		4620501	1004	462
46207	2	1	1	1	46207	2		2	46206	3				5		4620701	1004	462
46208	2	1	1	1	46107	3		2	46203	3				4		4620801	1004	462
46209	2	1		1	46208	2								4		4620901	1004	462
46210	2	1		1	46209	2								4		4621001	1004	462
46211	2	1		1	46203	3								4		4621101	1213	462
46300	2	1		1	46300	2								4		4630001	1005	463
46301	2	1		1	46307	2								5		4630101	1005	463
46303	2	1		1	46303	2								5		4630301	1005	463
46305	2	1		1	46305	2								4		4630501	1005	463
46306	2	1	1	1	46305	2		1	46205	2	1	46207	2	5		4630601	1005	463
46401	2	1		1	46401	2								5		4640101	1465	464
46402	2	1		1	46402	2								5		4640201	1431	464
46403	2	1		1	46403	2								5		4640301	1439	464
46404	2	1		1	46404	2								5		4640401	1427	464
46405	2	1		1	46407	2								5		4640501	1009	464
46406				1	46402	2								1		4640601	1423	464
46407			1	1	46402	2		1	46403	2	1	46404	2	1		4640701	1435	464
46408	2	1	2	1	46403	2		1	46404	2				5		4640801	1401	464
46409	2	1	2	1	46403	2		1	46404	2				5		4640901	1403	464
46410				1	46404	2								1		4641001	1425	464
46411			1	1	46402	2		1	46403	2	1	46404	2	1		4641101	1417	464
46412	2	1		1	46409	2								5		4641201	1218	464
46413				1	46402	2								1		4641301	1405	464
46414				1	46402	2								1		4641401	1455	464
46415				1	46402	2								1		4641501	1461	464
46416				1	46402	2								1		4641601	1463	464
46417				1	46402	2								1		4641701	1419	464
46418			1	1	46402	2		1	46403	2	1	46404	2	1		4641801	1469	464
46419				1	46403	2								1		4641901	1437	464
46501	2	1		1	46503	2								5		4650101	1218	465
46502	2	1		1	46505	2								5		4650201	1009	465
46503	2	1	2	1	46507	2		1	46508	2				5		4650301	1009	465
46504	2	1		1	46510	2								5		4650401	1219	465
46505	2	1		1	46513	2								5		4650501	1218	465
46520	2	1		1	46524	2								5		4652001	1009	465
46601	2	1		1	46602	2								5		4660101	1009	466
46602	2	1		1	46605	2								5		4660201	1009	466
46603	2	1		1	46607	2								5		4660301	1009	466
46604	2	1		1	46610	2								5		4660401	1009	466
46605	2	1		1	46613	2								5		4660501	1009	466
46606	2	1		1	46616	2								5		4660601	1009	466
46607	2	1		1	46618	2								5		4660701	1009	466
46608	2	1	2	1	46621	2		1	46622	2				4		4660801	1009	466
46609	2	1	1	1	46622	2		3	100052	4				5		4660901	1009	466
46610	2	1	2	1	46622	2		1	46604	2	1	46605	2	4		4661001	10022	466
46611	2	1		1	46620	2								4		4661101	1009	466
46612	2	1		1	46620	2								4		4661201	1218	466
46613	2	1		1	46606	2								4		4661301	1009	466
46701	2	1		1	46702	2								5		4670101	1479	467
46702	2	1	1	1	46703	2		3	100011	1	3	100064	1	4		4670201	1479	467
46703	2	1	1	1	46703	2		3	108011	1				5		4670301	1479	467
46711	2	1	1	1	46703	2		3	108012	1				5		4671101	1479	467
46712	2	1	1	1	46703	2		3	108013	1				5		4671201	1479	467
46713	2	1	1	1	46703	2		3	108014	1				5		4671301	1479	467
46708		1		1	46703	2								3		4670801	1479	467
46709		1		1	46703	2								3		4670901	1479	467
46710		1		1	46703	2								3		4671001	1479	467
46801	2	1		1	46801	2								5	46802,46803	4680101	1533	468
46802	2	1		1	46801	2										4680201	1533	468
46803	2	1		1	46801	2										4680301	1533	468
46804	2	1		1	46802	3								5		4680401	1533	468
46805	2	1		1	46802	2								5		4680501	1533	468
47001	2	1		1	47002	2										4700101	1005	470
47002	2	1		1	47004	2										4700201	1005	470
48101	2	1		1	48101	2										4810101	1002	481
48001	2	1		1	48001	2										4800101	1002	480
4800301	2	1		1	48003	2									4800302,4800303	4800301	1002	480
4800302		1														4800303	1002	480
4800303		1														4800305	1002	480
48004	2	1		1	48004	2										4800401	1002	480
48402	2	1		1	48402	2										4840201	1002	484
48409	2	1		1	48409	2										4840601	1002	484
48410	2	1		1	48410	2										4840401	1002	484
48422	2	1		1	48423	2										4842201	1002	484
48435	2	1		1	48432	2										4843101	1002	484
48436	2	1		1	48432	3										4843121	1256	484
48511	2	1		1	48511	2										4851101	1002	485
48503	2	1		1	48503	2										4850301	1002	485
48506	2	1		1	48506	2										4850601	1002	485
48508	2	1		1	48508	2										4850801	1002	485
99801	2	1		1	99801	2										9980101	1121	
99802		1		1	99803	2										9980201	1121	
99803		1		1	99803	2										9980301	1121	
99804		1		1	99805	2										9980401	1121	
99805		1		1	99805	2										9980501	1121	
99806	2	1		1	99803	2									99802,99803	9980601	1121	
99807	2	1		1	99805	2									99804,99805	9980701	1121	
99808	2	1	1	24	1	1	998	1	99801	2				5		9980801	1479	
99809	2	1	1	24	1	2	998	1	99801	2				5		9980901	1479	
99901	2	1		1	99901	2								5	99902,99903,99904,99905,99910	9990101	1120	
99902		1		1	99901	2									99906	9990201	1120	
99903		1													99907	9990301	1120	
99904		1													99907	9990401	1120	
99905		1		1	99901	2									99907	9990501	1120	
99906	2	1		1	99902	2								5	99908,99909,99910	9990601	1120	
99907		1													99901	9990701	1120	
99908		1		1	99902	2										9990801	1120	
99909		1													99906	9990901	1120	
99910		1														9991001	1120	
99911	2	1												1		9991101	1120	
99912	2	1												1		9991201	1120	
99913	2	1												1		9991301	1120	
99701	2	1		1	99701	2								1			1006	
1010001	1	1		1	1010002	2								1		101000001	1007	10100
1010003	2	1		1	1010003	2								6	1010011,1010012,1010013,1010014,1010015,1010016,1010043,1010030	101000301	1007,1435	10100
1010010	2	1		1	1010010	2								6	1010042,1010011,1010012,1010013,1010014,1010015,1010016,1010043,1010030	101001001	1007,1435	10100
1010046		1		1	1010019	2								1	1010042,1010011,1010012,1010013,1010014,1010015,1010016,1010043,1010030	101001001	1435	10100
1010011		1		1	1010019	2								1	1010017,1010044	101001101	1435	10100
1010012		1		1	1010019	2								1	1010018,1010041	101001201	1435	10100
1010013		1	1	1	1010019	2		1	1010015	3				1	1010019,1010041	101001301	1435	10100
1010014		1	1	1	1010019	2		1	1010018	3				1	1010040,1010041	101001401	1435	10100
1010015		1	1	1	1010019	2		1	1010015	2				1	1010046	101000341	1435	10100
1010016		1	1	1	1010019	2		1	1010017	2				1	1010046	101000342	1435	10100
1010043		1	1	1	1010019	2		1	1010018	2				1	1010046	101000342	1435	10100
1010042		1	1	1	1010019	2		1	1010017	3				1	1010046	101004201	1435	10100
1010030		1		1	1010019	2								1		101003001	1435	10100
1010017		1		1	1010019	2								1	1010045	101001701	1435	10100
1010018		1		1	1010019	2								1	1010045	101001801	1435	10100
1010019		1		1	1010019	2								1	1010045	101001901	1435	10100
1010040		1		1	1010019	2								1	1010045	101004001	1435	10100
1010041		1		1	1010019	2								1	1010046	101004101	1435	10100
1010044		1		1	1010019	2								1	1010046	101004101	1435	10100
1010045		1		1	1010019	2								1		101004501	1435	10100
1010004	2	1		1	1010004	2								6	1010021,1010022,1010023,1010024,1010097,1010081,1010082,1010025	101000401	1419	10100
1010020	2	1		1	1010005	2								6	1010021,1010022,1010023,1010024,1010097,1010081,1010082,1010025	101002001	1007	10100
1010031		1												1	1010021,1010022,1010023,1010024,1010097,1010081,1010082,1010025	101002001	1007	10100
1010021	2	1		1	1010005	2								5	1010083,1010088	101002101	1007	10100
1010022	2	1		1	1010005	2								5	1010084,1010088	101002201	1007	10100
1010023	2	1	1	1	1010005	2		1	1010027	3				5	1010085,1010088	101002301	1007	10100
1010024	2	1	1	1	1010005	2		1	1010026	3				5	1010086,1010088	101002401	1007	10100
1010097	2	1	1	1	1010005	2		1	1010028	3	3	108044	1	5	1010087,1010088	101009701	1007	10100
1010025	2	1		1	1010005	2								5		101002501	1007	10100
1010081	2	1	1	1	1010005	2		1	1010026	2				5	1010031	101000341	1007	10100
1010082	2	1	1	1	1010005	2		1	1010027	2				5	1010031	101000341	1007	10100
1010083	2	1	1	1	1010005	2								5		101008301	1007	10100
1010084	2	1	1	1	1010005	2								5		101008301	1007	10100
1010085	2	1	1	1	1010005	2								5		101008301	1007	10100
1010086	2	1	1	1	1010005	2								5		101008301	1007	10100
1010087	2	1	1	1	1010005	2								5		101008301	1007	10100
1010088	2	1		1	1010005	2								5	1010031	101008801	1007	10100
1010026	2	1	1	1	1010021	3		1	1010007	2				5	1010070	101002601	1007	10100
1010027	2	1	1	1	1010022	3		1	1010007	2				5	1010070	101002701	1007	10100
1010028	2	1	1	1	1010023	3		1	1010007	2				5	1010070	101002801	1007	10100
1010029	2	1	1	1	1010024	3		1	1010007	2				5	1010070	101002901	1007	10100
1010035	2	1	1	1	1010025	3		1	1010007	2				5	1010070	101003501	1007	10100
1010070														5		101000700	1007	10100
1010005		1		1	1010005	2										101000501	1419	10100
1010006	2	1		1	1010006	2								5		101000601	1007	10100
1010007	2	1		1	1010007	2								5		101000703	1419	10100
1010008	2	1	1	1	1010008	2		1	1010038	2				5	1010053,1010054,1010055,1010057,1010056,1010058,1010060	101000801	1427	10100
1010051	2	1	1	1	1010008	2		1	1010038	3				5	1010059,1010053,1010054,1010055,1010057,1010056,1010058,1010060	101005101	1427	10100
1010052	2	1		1	1010008	2									1010059,1010053,1010054,1010055,1010057,1010056,1010058,1010060	101005101	1427	10100
1010053		1													1010062,1010066	101005301	1427	10100
1010054		1													1010063,1010066	101005401	1427	10100
1010055		1		1	1010035	3									1010064,1010066	101005501	1427	10100
1010056		1		1	1010036	3									1010065,1010066	101005601	1427	10100
1010057		1		1	1010035	2									1010052	101005701	1427	10100
1010058		1		1	1010036	2									1010052	101005701	1427	10100
1010059		1		1	1010037	3									1010052	101005901	1427	10100
1010060		1														101006001	1427	10100
1010061		1		1	1010008	2										101006101	1425	10100
1010062		1		1	1010008	2									1010067	101006201	1427	10100
1010063		1		1	1010008	2									1010067	101006301	1427	10100
1010064		1		1	1010008	2									1010067	101006401	1427	10100
1010065		1		1	1010008	2									1010067	101006501	1427	10100
1010066		1		1	1010008	2									1010052	101006601	1427	10100
1010067		1														101006701	1427	10100
1010068	2	1		1	1010009	2										101006801	1427	10100
1010009	1	1		1	1010009	2								5		101000901	1007	10100
1010107	1	1		1	1010114	2								1		101010701	1007	10101
1010112	1	1		1	1010112	2								1		101011201	1007	10101
1010108	1	1		1	1010108	2								1		101010801	1007	10101
1010110	2	1		1	1010110	2								1		101011001	1007	10101
1010115	2	1		1	1010115	2								1		101011501	1007	10101
1010120	1	1		1	1010120	2								5		101012001	1007	10101
2010103	1	1		1	2010103	2										201010301	1501	20101
2010105	2	1		1	2010105	2									2010106,2010108	201010501	1503	20101
2010106															2010109	201010601	1503	20101
2010108															2010109	201010801	1503	20101
2010109															2010110,2010111,2010113,2010114	201010901	1503	20101
2010110			1	1	2010109	3		1	2010141	2						2010110011	1503	20101
2010111			1	1	2010110	3		1	2010106	3						201011101	1503	20101
2010113			1	1	2010110	3		1	2010108	3						201011301	1503	20101
2010114			1	1	2010109	3		1	2010141	3						2010110021	1503	20101
20101151	2	1	1	1	2010113	3		1	2010145	3				5		201011302	1503	20101
20101152	2	1	1	1	2010113	3		1	2010145	2				5		201011303	1503	20101
20101153	2	1	1	1	2010105	3		1	2010108	2				3	2010108	201010501	1503	20101
20101154	2	1	1	1	2010108	3		1	2010111	2				3		201011101	1503	20101
2010115	2	1		1	2010115	2									2010117,2010118	201011501	1504	20101
2010117															2010119	201011701	1504	20101
2010118															2010119	201011801	1504	20101
2010119															2010120,2010122,2010123,2010124	201011901	1504	20101
2010120			1	1	2010119	3		1	2010141	2						201012001	1504	20101
2010122			1	1	2010120	3		1	2010117	3						201012201	1504	20101
2010123			1	1	2010120	3		1	2010118	3						201012301	1504	20101
2010124			1	1	2010119	3		1	2010141	3						201012002	1504	20101
20101251	2	1	1	1	2010123	3		1	2010147	3				5		201012302	1504	20101
20101252	2	1		1	2010123	3		1	2010147	2				5		201012303	1504	20101
20101253	2	1	1	1	2010115	3		1	2010118	2				3	2010118	201011501	1504	20101
20101254	2	1	1	1	2010118	3		1	2010121	2				3		201012201	1504	20101
2010151	2	1		1	2010151	2										201015101	1009	20101
